[individuals]
10
[landmarks]
29
[Dimensions]
3
[names] 
476TF
476TF2
476TF3
476TF4
476TF5
476TF6
476TF7
476TF8
476TF9
476TF10
[rawpoints]
'#476TF
18.8123	-0.2741	2.7107
18.2102	-0.5417	2.8372
18.1088	-0.5889	2.6228
17.1662	-0.3039	2.7618
16.9746	-0.2869	2.7882
16.1452	-0.1881	2.5969
14.4371	0.2601	2.5949
13.554	1.4263	2.6637
18.232	-0.0942	3.1142
16.9969	0.1865	3.3053
16.3883	-0.0415	3.2541
16.4083	0.8182	3.6127
15.5702	0.3519	3.9017
15.4427	0.004	3.2568
15.0212	0.7289	3.3834
15.1423	1.0607	4.0754
14.7255	1.6043	3.4794
14.5319	1.1052	3.5852
18.3465	-0.1064	2.8139
18.1468	-0.0176	2.6687
16.9921	0.5746	2.7112
16.4034	0.951	2.7342
15.2934	1.4681	3.0013
15.1159	1.4847	3.1523
15.1159	1.6633	3.026
14.4638	2.0118	3.0111
14.3985	2.2277	2.7767
14.0061	1.9909	2.7104
16.6607	0.7127	3.0499
'#476TF2
18.8042	-0.274	2.7195
18.2125	-0.5321	2.8396
18.1179	-0.591	2.6363
17.1697	-0.3151	2.794
16.9766	-0.2832	2.7937
16.1326	-0.1929	2.5952
14.4241	0.2632	2.5878
13.5503	1.433	2.6668
18.2233	-0.0907	3.1181
16.9919	0.1841	3.3065
16.3778	-0.045	3.2438
16.4023	0.8222	3.6231
15.5628	0.3472	3.8929
15.4536	0.0012	3.2568
15.0133	0.7271	3.3755
15.1325	1.059	4.087
14.7304	1.5921	3.4743
14.521	1.0929	3.5847
18.3332	-0.1074	2.8037
18.143	-0.0125	2.6803
16.9882	0.5812	2.7056
16.4099	0.9638	2.7402
15.3008	1.4749	2.9929
15.1085	1.4723	3.1571
15.1143	1.6609	3.0184
14.4652	2.0096	3.0164
14.3885	2.2283	2.7696
14.0018	1.9801	2.716
16.6605	0.7129	3.0499
'#476TF3
18.8165	-0.2642	2.7254
18.2125	-0.5318	2.8547
18.1091	-0.5932	2.6293
17.1692	-0.3207	2.7914
16.9779	-0.2892	2.791
16.1313	-0.1897	2.599
14.4223	0.2613	2.5869
13.5511	1.4193	2.6726
18.2184	-0.0936	3.1186
16.9858	0.1739	3.3053
16.3718	-0.0354	3.2523
16.396	0.8178	3.6112
15.569	0.3429	3.914
15.4466	0.0089	3.2555
15.013	0.7122	3.3767
15.1268	1.0487	4.092
14.7156	1.5922	3.4837
14.5296	1.0977	3.5851
18.3367	-0.1051	2.8074
18.1428	-0.014	2.6806
16.9789	0.5827	2.711
16.3824	0.9516	2.7331
15.2916	1.4687	2.9985
15.1111	1.4686	3.1609
15.1149	1.6574	3.0238
14.4614	2.0041	3.0105
14.3901	2.214	2.7671
13.9899	1.9645	2.7091
16.6596	0.7095	3.0479
'#476TF4
18.8035	-0.2765	2.7086
18.2019	-0.5413	2.8513
18.0963	-0.5859	2.6182
17.1699	-0.3182	2.7697
16.9818	-0.2842	2.7682
16.1311	-0.1954	2.5953
14.4238	0.2536	2.5621
13.5471	1.4158	2.6723
18.2233	-0.0964	3.12
16.9802	0.1834	3.3087
16.3707	-0.0458	3.2523
16.3936	0.8059	3.6202
15.5607	0.3283	3.8968
15.4467	-0.0099	3.2543
15.0089	0.7041	3.3678
15.1323	1.0425	4.0761
14.6997	1.5831	3.477
14.5134	1.0878	3.5768
18.3267	-0.1092	2.8177
18.1532	-0.014	2.696
16.9838	0.571	2.7147
16.3901	0.9415	2.7324
15.2926	1.452	2.9982
15.1014	1.4648	3.1693
15.109	1.6499	3.0275
14.4577	2.0067	3.0195
14.3828	2.215	2.7708
13.993	1.972	2.719
16.6466	0.7073	3.0441
'#476TF5
16.7475	-5.2231	2.7192
16.089	-5.2504	2.8394
15.9912	-5.2675	2.6206
15.2016	-4.6587	2.7702
15.0376	-4.5698	2.7801
14.2908	-4.1691	2.5745
12.8729	-3.1199	2.5636
12.4709	-1.7038	2.6721
16.2709	-4.8596	3.1201
15.2209	-4.1446	3.2952
14.5556	-4.1165	3.2367
14.8901	-3.3313	3.6246
13.9396	-3.4771	3.901
13.717	-3.7436	3.2409
13.5737	-2.9127	3.3676
13.8066	-2.6509	4.0942
13.6392	-2.0093	3.5048
13.2631	-2.3971	3.5883
16.3606	-4.903	2.8042
16.2282	-4.733	2.6875
15.3709	-3.7533	2.7107
14.9591	-3.1951	2.7469
14.1076	-2.3182	3.0156
13.9556	-2.2436	3.1758
14.0191	-2.0778	3.0346
13.5551	-1.4985	3.0636
13.5482	-1.2893	2.8004
13.0929	-1.368	2.7118
15.1165	-3.5077	3.0541
'#476TF6
16.7467	-5.2306	2.7112
16.0899	-5.244	2.8439
15.9812	-5.256	2.6062
15.2062	-4.668	2.7832
15.0437	-4.5748	2.7916
14.2921	-4.1722	2.5738
12.8786	-3.1235	2.5832
12.4783	-1.7141	2.6677
16.2627	-4.851	3.1246
15.2128	-4.1483	3.3022
14.565	-4.1343	3.2417
14.8969	-3.3375	3.6215
13.9384	-3.4816	3.9078
13.7113	-3.7413	3.2376
13.5771	-2.9163	3.3696
13.8015	-2.6588	4.0957
13.6195	-2.0071	3.4948
13.2578	-2.395	3.5945
16.3752	-4.8838	2.8224
16.2437	-4.7411	2.6865
15.3731	-3.7649	2.724
14.9563	-3.194	2.7458
14.0962	-2.3154	3.0076
13.9433	-2.248	3.1615
14.0172	-2.0766	3.0327
13.533	-1.5119	3.0252
13.5533	-1.2833	2.7934
13.0978	-1.3627	2.7125
15.1026	-3.5123	3.0413
'#476TF7
16.754	-5.2213	2.7156
16.0979	-5.2476	2.8439
15.9738	-5.2495	2.6025
15.2099	-4.6658	2.7897
15.0399	-4.5725	2.7873
14.288	-4.1684	2.58
12.8656	-3.1191	2.5684
12.4752	-1.7033	2.6798
16.2595	-4.8548	3.1223
15.2131	-4.1453	3.3081
14.5568	-4.1391	3.2325
14.8871	-3.3407	3.6219
13.9385	-3.4851	3.8981
13.7195	-3.7428	3.2465
13.5629	-2.9128	3.3622
13.7916	-2.6637	4.0872
13.6218	-2.0086	3.4958
13.2446	-2.3917	3.5726
16.3587	-4.8949	2.8102
16.223	-4.74	2.6837
15.3716	-3.7609	2.7176
14.9646	-3.1968	2.736
14.0954	-2.3206	3.0133
13.9556	-2.2565	3.1769
14.01	-2.0793	3.0462
13.5397	-1.5116	3.0287
13.5426	-1.2876	2.79
13.0966	-1.3488	2.733
15.1159	-3.5111	3.0518
'#476TF8
16.7393	-5.2434	2.7239
16.086	-5.254	2.8367
15.9728	-5.2577	2.6007
15.2067	-4.6692	2.7754
15.0384	-4.5717	2.7742
14.2971	-4.1687	2.5762
12.8748	-3.1344	2.582
12.4658	-1.7109	2.6653
16.2631	-4.8518	3.1168
15.2073	-4.1522	3.2965
14.5526	-4.1444	3.226
14.8866	-3.3412	3.6246
13.9309	-3.4924	3.9109
13.7151	-3.7529	3.2332
13.5762	-2.9184	3.3771
13.7774	-2.6565	4.0847
13.6091	-2.0132	3.4981
13.2449	-2.3921	3.5832
16.3763	-4.8931	2.819
16.2243	-4.7441	2.6945
15.3487	-3.7566	2.7148
14.9467	-3.2009	2.7446
14.0934	-2.3197	3.0175
13.9592	-2.2462	3.1829
14.0154	-2.0864	3.0331
13.5372	-1.5101	3.0301
13.5506	-1.2854	2.7936
13.0923	-1.3479	2.7256
15.1014	-3.5268	3.0648
'#476TF9
16.7425	-5.2206	2.7089
16.0802	-5.2525	2.839
15.9733	-5.2586	2.5997
15.2012	-4.6662	2.7552
15.0359	-4.5781	2.7666
14.294	-4.1766	2.5699
12.8654	-3.1223	2.5641
12.4643	-1.7061	2.6738
16.2582	-4.8511	3.1274
15.2062	-4.1463	3.2961
14.5453	-4.136	3.2283
14.8868	-3.3527	3.6243
13.9258	-3.4882	3.8861
13.7047	-3.7466	3.2325
13.5591	-2.9187	3.3675
13.7638	-2.6704	4.0834
13.602	-2.0179	3.4981
13.2443	-2.4061	3.5805
16.3652	-4.9022	2.8085
16.2179	-4.7445	2.6896
15.3613	-3.7656	2.7196
14.9536	-3.1979	2.7498
14.0955	-2.3294	3.023
13.9346	-2.2556	3.1717
14.0037	-2.0889	3.044
13.5242	-1.5157	3.044
13.5468	-1.2899	2.8044
13.0836	-1.3566	2.7334
15.0997	-3.5254	3.0641
'#476TF10
16.7495	-5.2345	2.7232
16.0772	-5.2616	2.8358
15.9767	-5.2635	2.6028
15.2058	-4.6781	2.7816
15.0333	-4.5803	2.7608
14.2882	-4.1844	2.5673
12.8759	-3.1391	2.5691
12.4619	-1.7173	2.6639
16.2535	-4.8701	3.1169
15.2063	-4.1643	3.3004
14.5397	-4.1335	3.2234
14.8798	-3.355	3.6258
13.917	-3.5005	3.8923
13.7003	-3.7558	3.2366
13.5561	-2.9265	3.3635
13.7674	-2.6742	4.0815
13.6031	-2.0179	3.4924
13.2323	-2.4065	3.5793
16.3665	-4.8971	2.8148
16.2408	-4.7389	2.6986
15.3615	-3.7648	2.717
14.94	-3.205	2.7436
14.1005	-2.331	3.0205
13.9369	-2.2651	3.1745
14.0009	-2.096	3.0472
13.5305	-1.5215	3.0383
13.5435	-1.2921	2.8142
13.0771	-1.3769	2.7276
15.1059	-3.5265	3.0452
