[individuals]
15
[landmarks]
29
[Dimensions]
3
[names]
481TF
254TF
429TF
308TF
476TF
493TF
399TF
519TF
601TF
193TF
288TF
181TF
448TF
285TF
217TF
[rawpoints]
'#481TF		15.4017	-10.8028 2.766614.7695	-10.6783 2.880414.6167	-10.6206 2.689213.9599	-9.731	2.792513.7446	-9.5231	2.799813.1557	-8.9365	2.624912.212	-7.4725	2.633112.2714	-5.8892	2.697615.0484	-10.3161 3.183414.1947	-9.2093	3.349813.4382	-9.0405	3.252914.0444	-8.3966	3.640313.0397	-8.2021	3.906612.7671	-8.3475	3.317712.8672	-7.499	3.437213.2854	-7.3023	4.114613.3346	-6.6024	3.592412.6939	-6.8969	3.586515.0646	-10.3114 2.854615.0264	-10.1974 2.718914.429	-8.8801	2.743214.2397	-8.2222	2.771113.6709	-7.1772	3.086313.5371	-7.002	3.23613.7006	-6.9007	3.054613.4639	-6.1651	3.095713.5354	-5.9396	2.817213.0521	-5.8337	2.763914.3049	-8.6542	3.0834'#254TF
15.3524	-10.9164 2.844614.6939	-10.7405 3.020814.5628	-10.7357 2.797614.0143	-9.8925	2.925513.7981	-9.6738	2.915713.2464	-9.0285	2.766812.1832	-7.4232	2.747312.2941	-5.8902	2.737415.0145	-10.4704 3.276514.229	-9.2803	3.44113.6097	-9.0537	3.450114.2167	-8.4106	3.722813.2276	-8.1593	4.084612.8664	-8.2805	3.565812.952	-7.5307	3.523913.4819	-7.1883	4.213713.3576	-6.5092	3.587412.8218	-6.6764	3.687215.0325	-10.4126 2.933914.9469	-10.2378 2.799614.4371	-8.9568	2.793414.2197	-8.2311	2.785913.7204	-7.1194	3.092413.594	-6.9127	3.254413.7046	-6.8051	3.055113.4741	-6.0672	3.074513.5085	-5.8537	2.791813.023	-5.766	2.779714.3228	-8.6798	3.1368'#429TF
15.1127	-10.8393 2.786414.5041	-10.6645 2.874114.3894	-10.6092 2.673813.8412	-9.8119	2.754313.539	-9.4918	2.739113.0727	-8.9395	2.558812.051	-7.4827	2.571112.0456	-5.9598	2.736614.7054	-10.3634 3.163113.9368	-9.2838	3.319313.321	-9.0356	3.266313.9084	-8.4564	3.678112.9347	-8.2802	3.958512.6293	-8.3894	3.271212.7051	-7.5504	3.442713.0891	-7.3105	4.210313.0646	-6.6234	3.625212.5666	-6.8756	3.681214.8039	-10.3574 2.867714.7581	-10.1925 2.718614.2423	-8.9212	2.747513.9919	-8.1626	2.78513.4276	-7.091	3.138713.2907	-6.9754	3.284613.423	-6.8476	3.114313.169	-6.148	3.179713.2473	-5.9358	2.928712.7931	-5.8303	2.874714.0717	-8.6965	3.0948'#308 TF
15.0105	-10.7537 2.781114.3895	-10.585	2.8714.2855	-10.5408 2.694113.7989	-9.7372	2.78313.5558	-9.4666	2.802913.0616	-8.9301	2.622911.9996	-7.3911	2.612912.084	-5.9617	2.760814.6447	-10.2688 3.185813.9744	-9.2533	3.320713.2978	-8.9903	3.245513.932	-8.3448	3.672812.9384	-8.1483	3.959412.6252	-8.2793	3.390312.7228	-7.4711	3.458113.1733	-7.2672	4.205913.1362	-6.5753	3.619512.5784	-6.8616	3.671114.7432	-10.2959 2.867814.7161	-10.1277 2.737514.2947	-8.8817	2.76914.0562	-8.1033	2.790213.4818	-7.0228	3.099513.3466	-6.9141	3.275913.4535	-6.7727	3.117413.1711	-6.1029	3.147413.254	-5.8499	2.908412.7501	-5.7984	2.867514.1142	-8.6071	3.1301'#476TF
14.8504	-10.8181 2.740614.2414	-10.5943 2.828514.1388	-10.5621 2.631113.648	-9.6965	2.73313.5327	-9.5543	2.734712.9972	-8.9036	2.540712.0752	-7.3989	2.528412.2294	-5.9485	2.650614.5233	-10.2993 3.126113.8038	-9.2501	3.310813.2158	-8.9912	3.21113.789	-8.3919	3.644112.8389	-8.1595	3.87312.5813	-8.3072	3.19612.7397	-7.4864	3.354612.992	-7.3602	4.085213.1067	-6.675	3.506312.6121	-6.8876	3.569214.5973	-10.3658 2.821214.5412	-10.171	2.705714.1139	-8.9495	2.750313.9312	-8.2452	2.771113.4757	-7.1398	3.049113.301	-7.0145	3.195313.4527	-6.8762	3.072613.2387	-6.1581	3.093913.3324	-5.963	2.86412.8749	-5.8598	2.76613.9224	-8.6055	3.0592'#493 TF
15.0111	-10.9419 2.763314.3968	-10.7558 2.871414.2837	-10.7143 2.690213.7567	-9.8361	2.779413.6512	-9.713	2.797813.1508	-9.0767	2.598712.28	-7.6397	2.660212.4776	-6.1629	2.705314.6481	-10.4468 3.104214.0514	-9.383 3.26713.5173	-9.1482	3.245814.0728	-8.5912	3.563213.1788	-8.3102	3.883512.845	-8.4393	3.355813.021	-7.7708	3.384413.4382	-7.4915	4.073613.4433	-6.8316	3.466212.9097	-6.9799	3.621814.7682	-10.4693 2.836614.7203	-10.3034 2.696614.3406	-9.1047	2.697114.1563	-8.4012	2.709113.6957	-7.3147	3.029513.5868	-7.1749	3.167513.7149	-7.074	2.989213.5592	-6.3814	3.03613.6441	-6.1649	2.77913.1735	-6.0591	2.787314.2063	-8.8535	2.9844'#399 TF
15.1157	-10.7579 2.858414.4746	-10.5543 2.95714.3373	-10.494	2.77213.7965	-9.6238	2.845313.6132	-9.4364	2.84613.1675	-8.864	2.640612.2106	-7.5396	2.626512.189	-5.9969	2.679314.8183	-10.2649 3.243714.0982	-9.1956	3.370113.477	-8.9628	3.335514.0416	-8.2585	3.680513.2102	-8.1671	3.960112.7972	-8.2956	3.405413.0033	-7.5271	3.380613.3563	-7.288	4.135713.2917	-6.6117	3.531512.6441	-6.8471	3.559214.8298	-10.2611 2.895714.7812	-10.0928 2.755614.3389	-8.8292	2.728714.1534	-8.169	2.757113.6342	-7.0787	3.017513.4911	-6.9391	3.187213.6127	-6.8167	3.012513.3308	-6.1137	3.046113.4036	-5.9061	2.768212.954	-5.8726	2.734714.1938	-8.5472	3.0596'#519TF
15.214	-10.9619 2.768114.5659	-10.7293 2.892314.4888	-10.684	2.709613.9469	-9.8573	2.789313.6041	-9.5074	2.800213.2274	-9.052	2.632612.1659	-7.5967	2.656612.2263	-6.0555	2.727714.8359	-10.4312 3.179714.14	-9.3916	3.341113.5414	-9.1281	3.312614.0654	-8.4775	3.691113.1577	-8.3161	3.932312.8319	-8.4498	3.34612.8916	-7.6622	3.445713.3548	-7.3807	4.160313.2769	-6.6952	3.59912.7658	-6.8927	3.675514.9421	-10.4786 2.86914.9022	-10.306	2.720314.4372	-9.054	2.779614.1622	-8.2601	2.780913.6505	-7.2366	3.053113.5021	-7.0598	3.234613.6207	-6.9681	3.082513.3499	-6.2256	3.108213.4282	-6.0048	2.838312.917	-5.9443	2.814214.2587	-8.7681	3.0896'#601TF
13.6058	-9.6386	2.761512.9817	-9.4382	2.879812.8909	-9.3939	2.682812.3294	-8.5406	2.747912.2406	-8.4325	2.74411.6825	-7.7715	2.582410.6823	-6.2461	2.564210.8508	-4.6943	2.713313.2668	-9.1475	3.157112.5205	-8.1103	3.323511.8655	-7.8651	3.186712.5272	-7.2779	3.618711.562	-7.0561	3.91411.2484	-7.1492	3.312311.3745	-6.4017	3.386211.8071	-6.0581	4.101811.8363	-5.4233	3.57211.2293	-5.6106	3.601913.327	-9.1274	2.843413.2809	-8.9709	2.708112.8669	-7.7722	2.719412.6638	-7.034	2.767412.1498	-5.9621	3.07812.025	-5.7906	3.23312.1562	-5.6491	3.083111.959	-4.9237	3.120612.0206	-4.7308	2.849211.5626	-4.6237	2.817512.7233	-7.5497	3.0515'#193TF
13.5567	-9.6215	2.768912.9295	-9.4403	2.881112.813	-9.3726	2.673112.3255	-8.5076	2.747512.1451	-8.297	2.746111.6953	-7.688	2.572210.7811	-6.24	2.579310.8584	-4.7417	2.713313.2068	-9.1002	3.136612.543	-8.0171	3.288711.9768	-7.8128	3.232212.5678	-7.2153	3.58111.6749	-7.0068	3.866811.3233	-7.0804	3.305511.5367	-6.4014	3.337211.8998	-6.1175	4.074411.8928	-5.4277	3.516911.3815	-5.6347	3.600613.2903	-9.137	2.837113.2619	-9.0093	2.688712.8758	-7.724	2.697412.6703	-6.9859	2.715312.1932	-5.8926	3.043212.0828	-5.7781	3.183812.2054	-5.6267	3.028112.0037	-4.9348	3.060812.047	-4.7087	2.813111.5738	-4.6289	2.773212.7181	-7.4359	3.0136'#288TF
13.3919	-9.8628	2.818612.7847	-9.6097	2.904412.6762	-9.5426	2.715812.2189	-8.6367	2.809711.9724	-8.3207	2.829611.5408	-7.6936	2.639310.6824	-6.2402	2.660210.758	-4.7235	2.783613.1238	-9.3494	3.181112.5001	-8.1444	3.370911.8944	-7.8701	3.363812.5632	-7.2815	3.702711.6018	-7.035	4.04611.2486	-7.1042	3.498211.4416	-6.3374	3.476511.8778	-6.0793	4.210111.8395	-5.4228	3.617711.3423	-5.6565	3.723813.2055	-9.3363	2.876613.1577	-9.1518	2.715712.8069	-7.8604	2.745312.6536	-7.07	2.784612.1577	-5.9083	3.104612.0339	-5.7748	3.252312.1733	-5.6596	3.121311.95	-4.9603	3.149812.0078	-4.7405	2.89311.5434	-4.6064	2.885112.6836	-7.5331	3.0769'#181TF
15.3055	-6.4854	2.790714.6193	-6.3745	2.904414.4885	-6.3602	2.719713.8467	-5.587	2.832313.6003	-5.3885	2.820513.1199	-4.9548	2.646711.9117	-3.659	2.646411.773	-2.2505	2.7414.8759	-6.0142	3.189414.0524	-5.1289	3.345113.4922	-4.9902	3.341613.9488	-4.3088	3.619912.9977	-4.2476	3.941412.7014	-4.4356	3.366812.7019	-3.6392	3.443513.0515	-3.3241	4.10712.9075	-2.6801	3.552912.4208	-3.0028	3.650514.9159	-6.0251	2.865514.8742	-5.8976	2.713514.2545	-4.7722	2.731113.9525	-4.1094	2.742313.3203	-3.1719	3.05213.1617	-3.0289	3.216913.2502	-2.8821	3.054712.9077	-2.2361	3.049812.9616	-2.0407	2.788312.4946	-2.0129	2.786114.1072	-4.5435	3.0547'#448TF
15.3229	-6.6513	2.7452
14.672	-6.5511	2.866914.5708	-6.4926	2.66613.874	-5.7062	2.751913.7506	-5.5994	2.751513.0394	-5.0307	2.631511.9254	-3.7137	2.634511.8085	-2.2376	2.761914.8638	-6.213	3.123514.0656	-5.2185	3.250513.4096	-5.0824	3.232513.8995	-4.414	3.556612.9265	-4.3392	3.883512.6622	-4.5177	3.28512.6381	-3.6635	3.439113.0025	-3.3944	4.134812.9535	-2.7649	3.536912.4333	-3.1064	3.657614.9638	-6.1847	2.824314.884	-6.0228	2.67614.2885	-4.8652	2.701413.9513	-4.1601	2.733313.308	-3.1757	3.029613.1675	-3.0795	3.190213.2651	-2.9008	3.008612.916	-2.2464	3.064512.9268	-1.996	2.811412.3454	-2.0727	2.79514.0596	-4.5427	3.0297'#285TF
15.3068	-6.5975	2.785714.6882	-6.4813	2.904314.5661	-6.4554	2.695513.8382	-5.6544	2.768213.6834	-5.5296	2.757213.0551	-4.9705	2.590211.8564	-3.6778	2.570111.633	-2.1853	2.654914.8908	-6.1405	3.17113.9821	-5.164	3.343813.2668	-5.0316	3.202113.8556	-4.375	3.612612.8311	-4.2809	3.883512.5272	-4.4833	3.314712.5453	-3.6188	3.386512.9048	-3.2639	4.094412.8075	-2.6518	3.539512.3173	-3.0021	3.574214.9436	-6.1183	2.856814.8556	-5.9671	2.709214.1954	-4.7936	2.727713.912	-4.1644	2.743913.2346	-3.1129	3.029213.0752	-2.977	3.181913.1935	-2.8645	3.020612.823	-2.2191	3.05912.8665	-1.9485	2.803212.3999	-1.9619	2.773314.0485	-4.5981	3.0474'#217TF
15.5299	-6.3147	2.754414.8478	-6.2651	2.867114.7592	-6.2608	2.672813.971	-5.5317	2.755513.8216	-5.4448	2.7513.025	-4.9012	2.595311.8175	-3.664	2.641211.6394	-2.13	2.747615.0594	-5.9288	3.097314.0431	-4.9991	3.2913.4283	-4.9775	3.221713.8966	-4.2522	3.587112.8723	-4.2409	3.900612.6399	-4.4663	3.390512.4233	-3.6471	3.428412.9502	-3.3224	4.118612.8133	-2.6914	3.561612.2498	-3.0026	3.636815.1098	-5.8605	2.825815.0139	-5.7593	2.676314.2659	-4.683	2.703513.8802	-4.0407	2.726913.1618	-3.1344	3.061513.0325	-3.0171	3.205313.1182	-2.8765	3.061212.8082	-2.1862	3.074712.8407	-1.9841	2.824812.3557	-1.9286	2.81814.0579	-4.4594	3.0272