[individuals]
10
[landmarks]
29
[Dimensions]
3
[names] 
23TM
23TM2
23TM3
23TM4
23TM5
23TM6
23TM7
23TM8
23TM9
23TM10
[rawpoints]
'#23TM
19.2138	-0.3371	2.798
18.6109	-0.6424	2.9103
18.5087	-0.6778	2.6654
17.3161	-0.4982	2.8425
17.2594	-0.5072	2.8426
16.19	-0.3683	2.6494
14.4548	0.0807	2.6303
13.4768	1.3893	2.737
18.5585	-0.1895	3.2341
17.3246	-0.0117	3.393
16.5995	-0.2832	3.3546
16.6234	0.5589	3.7931
15.7789	0.0869	4.0694
15.5742	-0.2585	3.4642
15.063	0.5017	3.5114
15.2608	0.9396	4.2446
14.8119	1.5185	3.6449
14.5634	0.9351	3.7411
18.6296	-0.1662	2.8994
18.5095	-0.0754	2.7604
17.3039	0.4548	2.8331
16.5996	0.8538	2.8618
15.3985	1.3215	3.1635
15.1953	1.372	3.3061
15.2109	1.5341	3.1844
14.5638	1.9138	3.1561
14.4636	2.1819	2.907
14.0302	1.956	2.8478
16.9711	0.5597	3.1663
'#23TM2
19.1577	-0.394	2.7803
18.5517	-0.7177	2.8397
18.4436	-0.7383	2.6517
17.2547	-0.5666	2.7605
17.197	-0.5815	2.7861
16.1291	-0.4249	2.54
14.4006	0.0201	2.522
13.4034	1.3086	2.7479
18.4791	-0.2918	3.2275
17.2588	-0.1253	3.3666
16.5256	-0.403	3.2715
16.5264	0.3825	3.806
15.6797	-0.1282	4.0035
15.4953	-0.3928	3.3636
14.9889	0.3509	3.478
15.1516	0.7256	4.2527
14.7258	1.3628	3.7119
14.4602	0.758	3.7363
18.5724	-0.2233	2.9067
18.4311	-0.1259	2.7569
17.2374	0.3978	2.8465
16.5307	0.7815	2.9064
15.328	1.2068	3.227
15.1232	1.2462	3.3633
15.1566	1.4201	3.257
14.4887	1.8037	3.2565
14.3955	2.0856	3.0435
13.9435	1.8576	2.934
16.8991	0.4576	3.1987
'#23TM3
19.1437	-0.3822	2.7762
18.5521	-0.6973	2.8511
18.4274	-0.6936	2.5781
17.2498	-0.5542	2.7682
17.2017	-0.5699	2.7875
16.1167	-0.4032	2.5453
14.3997	0.0344	2.5226
13.3999	1.331	2.7683
18.4781	-0.2811	3.2309
17.2488	-0.108	3.367
16.5269	-0.3879	3.2741
16.532	0.3822	3.8106
15.6838	-0.1074	4.0072
15.4945	-0.3747	3.3702
14.9782	0.3657	3.4886
15.1532	0.7347	4.259
14.7176	1.3659	3.7163
14.4584	0.7734	3.7328
18.5675	-0.2119	2.9033
18.4292	-0.1134	2.7505
17.236	0.4142	2.8561
16.5133	0.7992	2.9083
15.3367	1.2257	3.2202
15.1377	1.2586	3.3594
15.1631	1.4432	3.2503
14.4799	1.8222	3.2445
14.3907	2.1069	3.034
13.945	1.8768	2.9392
16.8883	0.4835	3.1834
'#23TM4
19.1576	-0.3798	2.7787
18.5465	-0.7085	2.8397
18.4564	-0.7126	2.6138
17.2491	-0.5564	2.7501
17.1985	-0.5788	2.7608
16.118	-0.4122	2.5367
14.3974	0.025	2.5113
13.4028	1.3126	2.7725
18.4676	-0.2855	3.2265
17.2436	-0.123	3.3632
16.5211	-0.407	3.2642
16.5227	0.3818	3.8116
15.6617	-0.1267	3.9951
15.4775	-0.3972	3.3414
14.9733	0.3465	3.4755
15.1418	0.6921	4.2654
14.7121	1.3537	3.7183
14.4599	0.7589	3.7364
18.5676	-0.2183	2.9126
18.424	-0.1188	2.7589
17.2354	0.4051	2.8595
16.52	0.7847	2.9077
15.3211	1.2044	3.2317
15.1035	1.2449	3.3706
15.1398	1.4151	3.2678
14.4694	1.7994	3.2684
14.377	2.0805	3.0462
13.9465	1.8585	2.9555
16.8752	0.4654	3.1887
'#23TM5
19.1451	-0.383	2.798
18.5491	-0.7044	2.8504
18.4305	-0.6992	2.5877
17.2546	-0.5632	2.7674
17.1942	-0.5743	2.7681
16.1241	-0.4226	2.5291
14.3962	0.0292	2.5126
13.4102	1.3072	2.7666
18.4785	-0.2961	3.2145
17.2502	-0.1275	3.3692
16.5167	-0.3999	3.2709
16.522	0.3745	3.815
15.6663	-0.1332	4.0056
15.485	-0.3949	3.3561
14.9816	0.3427	3.4861
15.1352	0.7063	4.261
14.7075	1.3502	3.7171
14.4615	0.7551	3.7394
18.562	-0.214	2.8962
18.4278	-0.1268	2.7597
17.2312	0.4043	2.8555
16.5258	0.7809	2.9073
15.3189	1.2083	3.2309
15.113	1.243	3.3798
15.1547	1.434	3.2752
14.4768	1.8077	3.2604
14.3846	2.0942	3.0528
13.9413	1.8683	2.958
16.878	0.4697	3.1897
'#23TM6
15.2266	-10.9586	2.8075
14.5604	-10.7934	2.8907
14.4837	-10.7486	2.6806
13.7039	-9.8012	2.8312
13.6524	-9.7785	2.8465
12.9504	-8.9442	2.6207
11.969	-7.461	2.6172
12.1113	-5.8517	2.7722
14.8028	-10.4262	3.2404
14.021	-9.4628	3.4
13.3022	-9.188	3.3559
13.8494	-8.5834	3.81
12.9088	-8.3715	4.0645
12.5559	-8.4767	3.4354
12.6586	-7.5859	3.5187
13.0708	-7.4131	4.2631
13.1687	-6.6518	3.6954
12.5639	-6.913	3.7519
14.8995	-10.4374	2.9276
14.8477	-10.2912	2.769
14.3303	-9.0779	2.842
14.0665	-8.3223	2.8924
13.4827	-7.1855	3.2054
13.3539	-7.0014	3.3535
13.4882	-6.9105	3.2301
13.271	-6.1887	3.2091
13.3637	-5.913	2.9967
12.8804	-5.7909	2.9179
14.1219	-8.7889	3.1763
'#23TM7
19.3696	-0.8914	2.8139
18.7929	-1.2271	2.9003
18.6803	-1.2665	2.6757
17.4859	-1.1443	2.8093
17.4293	-1.1654	2.8225
16.3429	-1.064	2.5962
14.6064	-0.7067	2.586
13.5624	0.5527	2.7735
18.6883	-0.8154	3.2414
17.4493	-0.6839	3.402
16.7398	-0.9911	3.3231
16.7349	-0.1891	3.8221
15.9139	-0.7216	4.0483
15.7302	-1.0324	3.4192
15.1767	-0.3108	3.5037
15.3377	0.0913	4.2729
14.8707	0.7014	3.6955
14.6334	0.1074	3.751
18.7809	-0.7461	2.9094
18.6267	-0.6645	2.7666
17.4152	-0.1791	2.8573
16.6891	0.1793	2.8973
15.4822	0.5516	3.2108
15.2617	0.6003	3.3587
15.2813	0.7573	3.2516
14.6067	1.1146	3.221
14.5028	1.3918	3.0038
14.0714	1.1393	2.9282
17.0749	-0.118	3.1979
'#23TM8
18.2103	0.475	2.8011
17.6457	0.1183	2.9308
17.5465	0.0625	2.7097
16.3431	0.1216	2.8687
16.2931	0.1028	2.8832
15.1968	0.1291	2.6755
13.4437	0.3838	2.6637
12.3333	1.5928	2.7542
17.5517	0.5468	3.2469
16.2972	0.6277	3.4177
15.6149	0.27	3.3843
15.5492	1.1163	3.8048
14.7487	0.5654	4.0781
14.5951	0.1673	3.4999
14.0015	0.8751	3.5333
14.147	1.3741	4.2566
13.6407	1.889	3.6515
13.4407	1.2897	3.747
17.615	0.607	2.9186
17.4569	0.6619	2.764
16.2273	1.0796	2.838
15.4861	1.4	2.8622
14.2444	1.7366	3.1603
14.0413	1.7739	3.3104
14.0488	1.9462	3.1797
13.3656	2.2477	3.1451
13.222	2.4946	2.8928
12.8105	2.2212	2.8506
15.8788	1.1566	3.1618
'#23TM9
17.137	2.6898	2.7844
16.5365	2.3485	2.9062
16.4318	2.3081	2.7005
15.2348	2.4421	2.8546
15.18	2.4309	2.8705
14.1018	2.5295	2.657
12.3636	2.9009	2.6407
11.3341	4.1609	2.7444
16.4594	2.7976	3.2274
15.2294	2.9435	3.4001
14.5146	2.6424	3.3633
14.5035	3.4879	3.7872
13.6944	2.9775	4.0953
13.4937	2.6309	3.4725
12.9536	3.3547	3.5187
13.1279	3.8322	4.2357
12.6664	4.3745	3.6482
12.4178	3.7979	3.7384
16.5315	2.8428	2.9002
16.3784	2.9084	2.7458
15.178	3.4025	2.828
14.4663	3.7659	2.8506
13.2559	4.1981	3.1484
13.0483	4.2467	3.2998
13.0769	4.4076	3.1687
12.3965	4.7605	3.1323
12.2807	5.016	2.882
11.8613	4.7612	2.8443
14.8457	3.5047	3.1605
'#23TM10
16.2168	-6.285	2.7978
15.5538	-6.3375	2.8876
15.4505	-6.3216	2.6571
14.4036	-5.7035	2.8046
14.3454	-5.6924	2.8216
13.416	-5.1431	2.6019
11.9914	-4.0781	2.5895
11.5799	-2.5033	2.7555
15.6479	-5.9181	3.2301
14.5881	-5.2797	3.3972
13.8144	-5.2583	3.3255
14.1273	-4.5107	3.8027
13.1773	-4.6525	4.0334
12.8719	-4.8422	3.4166
12.6916	-3.9611	3.5062
13.0004	-3.6595	4.261
12.8379	-2.9065	3.6985
12.3575	-3.3656	3.7463
15.7321	-5.8905	2.8953
15.6414	-5.7542	2.748
14.7565	-4.8088	2.844
14.2511	-4.1844	2.8833
13.3248	-3.3176	3.1999
13.1435	-3.1771	3.3477
13.2426	-3.0346	3.2307
12.7686	-2.4369	3.2256
12.7899	-2.1495	2.9853
12.2822	-2.1998	2.9169
14.4632	-4.5954	3.1827