[individuals]
15
[landmarks]
29
[Dimensions]
3
[names] 
61TM
47TM
117TM
98TM
23TM
99TM
11TM
82TM
28TM
81TM
128TM
48TM
91TM
12TM
59TM
[rawpoints]
'#61TM
14.9736	-10.9413 2.83114.2896	-10.7105 2.882814.2163	-10.676	2.65913.4721	-9.7043	2.768613.4721	-9.7043	2.768612.922	-8.9786	2.521512.0116	-7.4473	2.506912.1047	-5.9493	2.676714.5848	-10.4264 3.210213.842	-9.3931	3.338913.1902	-9.1132	3.273513.7868	-8.4691	3.689612.7746	-8.2557	3.928112.5036	-8.417	3.293112.667	-7.4747	3.386312.9926	-7.373	4.165913.0566	-6.5957	3.584812.535	-6.7602	3.595914.7322	-10.4069 2.916814.6661	-10.2642 2.732414.1684	-9.0263	2.777113.9596	-8.2944	2.812313.4452	-7.1387	3.103813.3114	-6.9493	3.276613.4424	-6.8409	3.156813.2152	-6.1267	3.16513.3293	-5.9246	2.934312.8705	-5.8285	2.836213.997	-8.7538	3.0974'#47TM
15.1565	-11.0798 2.825714.4642	-10.9183 2.903714.3875	-10.8332 2.68813.7571	-9.8853	2.798413.5923	-9.7086	2.804413.0422	-9.0105	2.639112.0014	-7.5193	2.572212.0353	-5.9372	2.684714.7182	-10.5419 3.214313.9674	-9.4448	3.395613.2539	-9.1362	3.285813.9267	-8.5081	3.729412.8602	-8.3456	3.990212.6146	-8.5133	3.298912.7207	-7.5124	3.454213.0466	-7.3571	4.279413.1188	-6.6089	3.630712.5513	-6.8332	3.686614.8294	-10.5537 2.892814.7879	-10.4321 2.743914.3057	-9.0604	2.823214.0837	-8.3454	2.841113.5104	-7.1609	3.13513.3395	-6.9859	3.283313.4922	-6.8876	3.149813.1953	-6.1685	3.149413.3099	-5.9483	2.90312.8107	-5.8365	2.835614.0958	-8.7698	3.1677'#117TM
15.2297	-11.0181 2.817114.5296	-10.8202 2.908614.3832	-10.7878 2.683513.7538	-9.8503	2.78113.5963	-9.7058	2.787912.9848	-9.0104	2.552411.9714	-7.5168	2.55812.0709	-5.9279	2.698214.8127	-10.4998 3.241413.955	-9.4384	3.392413.1351	-9.1482	3.27413.8937	-8.5568	3.779312.7481	-8.3519	3.962712.5132	-8.5212	3.340312.7208	-7.5862	3.423612.9923	-7.4089	4.271313.1327	-6.7474	3.702312.5927	-7.0075	3.710814.9227	-10.5072 2.905314.882	-10.3672 2.75914.3436	-9.0925	2.779614.0792	-8.3301	2.865613.4521	-7.2261	3.161813.3166	-7.0515	3.323413.4559	-6.9164	3.182113.1771	-6.188	3.214513.3238	-5.9771	2.970412.8509	-5.8704	2.884914.1134	-8.8223	3.1728'#98TM
15.2852	-11.0089 2.903214.5822	-10.8821 2.933114.4773	-10.8284 2.700313.8031	-9.9797	2.776113.6888	-9.8789	2.763413.0428	-9.1397	2.526211.9278	-7.5811	2.470512.0631	-5.9628	2.711414.8044	-10.5587 3.309513.8866	-9.4735	3.424213.1423	-9.225	3.211113.7511	-8.6735	3.736812.6346	-8.4261	3.91412.442	-8.5424	3.264112.67	-7.7477	3.323212.8002	-7.4618	4.222412.9973	-6.7352	3.704412.4294	-6.9893	3.619214.863	-10.5481 2.973214.8029	-10.3544 2.819414.2619	-9.114	2.841614.0135	-8.4192	2.880513.4009	-7.2139	3.164413.2167	-7.0528	3.327213.4058	-6.9203	3.205413.1242	-6.2011	3.24813.2492	-5.894	3.020612.7876	-5.837	2.928313.9924	-8.8152	3.2437'#23TM
15.2266	-10.9586 2.807514.5604	-10.7934 2.890714.4837	-10.7486 2.680613.7039	-9.8012	2.831213.6524	-9.7785	2.846512.9504	-8.9442	2.620711.969	-7.461	2.617212.1113	-5.8517	2.772214.8028	-10.4262 3.240414.021	-9.4628	3.413.3022	-9.188	3.355913.8494	-8.5834	3.8112.9088	-8.3715	4.064512.5559	-8.4767	3.435412.6586	-7.5859	3.518713.0708	-7.4131	4.263113.1687	-6.6518	3.695412.5639	-6.913	3.751914.8995	-10.4374 2.927614.8477	-10.2912 2.76914.3303	-9.0779	2.84214.0665	-8.3223	2.892413.4827	-7.1855	3.205413.3539	-7.0014	3.353513.4882	-6.9105	3.230113.271	-6.1887	3.209113.3637	-5.913	2.996712.8804	-5.7909	2.917914.1219	-8.7889	3.1763'#99TM
15.151	-11.038	2.956614.4722	-10.833	3.014614.3673	-10.7949 2.80713.7679	-9.844	2.896813.6973	-9.7422	2.865113.0434	-8.9872	2.648512.0226	-7.5876	2.553412.1282	-5.9472	2.655914.7734	-10.5213 3.364813.9497	-9.3674	3.495913.2597	-9.1196	3.37713.9289	-8.5139	3.789312.8308	-8.2415	4.014612.5539	-8.3661	3.437812.8816	-7.7091	3.354713.0234	-7.3016	4.231113.1032	-6.5855	3.601312.5722	-6.8378	3.587414.865	-10.5132 3.035514.7989	-10.3629 2.852214.3125	-9.02	2.875114.1091	-8.294	2.874613.5073	-7.1106	3.122513.348	-6.9233	3.287613.503	-6.8212	3.145813.2412	-6.1181	3.123613.3587	-5.8931	2.877512.851	-5.8309	2.808614.1417	-8.7525	3.2224'#11TM
15.2457	-10.8581 2.751714.6037	-10.7219 2.830514.4725	-10.6555 2.604713.8704	-9.7802	2.727313.6757	-9.5835	2.709213.079	-8.9586	2.564611.9776	-7.5046	2.57512.0256	-6	2.756214.823	-10.3891 3.117914.0244	-9.3189	3.283513.2979	-9.0937	3.183713.9383	-8.4632	3.637612.962	-8.3613	3.914812.6788	-8.5315	3.24912.705	-7.6431	3.409513.0523	-7.4533	4.182813.0805	-6.7073	3.638412.4948	-6.9665	3.656914.9193	-10.3775 2.844314.8709	-10.2515 2.700314.3062	-8.9623	2.765214.0646	-8.2869	2.811613.4588	-7.1892	3.140713.2912	-6.9914	3.322313.4371	-6.9036	3.1513.1723	-6.1898	3.186913.2551	-5.9614	2.948712.7649	-5.8881	2.876414.12	-8.6714	3.1022'#82TM
15.4187	-10.7902 2.848914.7014	-10.6357 2.963214.5857	-10.5707 2.739513.8481	-9.6632	2.809613.7608	-9.5787	2.804713.0768	-8.8867	2.623612.0981	-7.2453	2.632212.2078	-5.6614	2.770915.0419	-10.2697 3.285414.1157	-9.2081	3.429913.3521	-9.0147	3.271714.0293	-8.3674	3.704812.9941	-8.1802	4.047512.6823	-8.2921	3.485612.7913	-7.4004	3.480813.242	-7.2294	4.24113.2563	-6.4996	3.651612.5944	-6.6785	3.690715.0673	-10.2829 2.919615.0382	-10.1638 2.7914.4214	-8.9125	2.795314.1856	-8.1679	2.812113.5569	-7.0575	3.117313.4293	-6.8546	3.265913.5439	-6.7261	3.136413.379	-5.9639	3.146113.4747	-5.7874	2.874812.9818	-5.6422	2.870814.2229	-8.6049	3.119'#28TM
15.0917	-11.1368 2.909414.3767	-10.9238 2.987114.3078	-10.8513 2.744213.7014	-9.8844	2.871513.531	-9.6764	2.833712.9404	-8.9347	2.620411.9507	-7.3765	2.610711.9803	-5.7355	2.771714.662	-10.5813 3.314213.874	-9.3962	3.486413.2478	-9.1212	3.422313.8338	-8.4916	3.812312.8564	-8.2813	4.08912.5261	-8.4573	3.405312.674	-7.614	3.499213.0052	-7.3205	4.364812.9897	-6.5203	3.778812.3957	-6.7545	3.765414.8027	-10.6227 2.984414.7751	-10.4675 2.828714.2742	-9.0894	2.867514.0604	-8.2819	2.907413.4324	-7.0901	3.24413.2462	-6.8997	3.40213.393	-6.7707	3.263613.1608	-5.9681	3.306913.2649	-5.7664	3.051512.7524	-5.6637	2.953414.066	-8.7558	3.2298'#81TM
15.1859	-11.0694 2.973614.4339	-10.8915 3.015214.3355	-10.8166 2.775413.6938	-9.8107	2.894513.582	-9.6961	2.898412.9769	-8.9574	2.661911.8601	-7.2672	2.644612.0542	-5.7027	2.870514.7805	-10.5281 3.429913.9448	-9.4133	3.575613.1764	-9.133	3.36613.8412	-8.5079	3.938312.7289	-8.2761	4.16612.4989	-8.4088	3.526612.6696	-7.456	3.559112.9864	-7.2562	4.427713.0681	-6.494	3.813512.4971	-6.7102	3.820914.8465	-10.5316 3.042114.8087	-10.3537 2.908614.3616	-9.0626	2.965114.1217	-8.2488	2.982713.4401	-7.0322	3.296513.3124	-6.8882	3.451413.4665	-6.7825	3.305913.1905	-6.009	3.350613.3142	-5.7572	3.111212.8146	-5.6679	3.034614.1042	-8.6697	3.3035'#128TM
15.2946	-10.8874 2.863414.5822	-10.7111 2.934114.4897	-10.6356 2.722513.8642	-9.7759	2.789113.6904	-9.6073	2.787113.091	-8.9592	2.590912.0459	-7.4559	2.554212.0824	-5.8471	2.726414.8867	-10.3702 3.272513.9669	-9.2819	3.445513.2922	-9.0805	3.277413.9079	-8.4834	3.768612.8806	-8.3263	4.017612.6185	-8.4108	3.320212.7078	-7.5091	3.422913.0004	-7.3423	4.299213.1312	-6.5455	3.615312.5124	-6.7664	3.651214.9849	-10.3664 2.928114.9352	-10.2073 2.804914.3924	-8.9582	2.812314.1178	-8.2484	2.849213.506	-7.0877	3.144613.3526	-6.9046	3.271713.5005	-6.768	3.138613.226	-6.0305	3.195513.3241	-5.7959	2.938412.8561	-5.7077	2.899714.2115	-8.7549	3.1581'#48TM
15.1951	-11.0654 2.855414.4574	-10.8386 2.935414.3605	-10.7958 2.7213.7905	-9.891	2.797913.5778	-9.6743	2.808713.0305	-8.965	2.580812.0161	-7.3313	2.584912.0199	-5.721	2.762114.7764	-10.4803 3.309813.9365	-9.3121	3.450413.2904	-9.1162	3.350113.8906	-8.5027	3.788412.8444	-8.2436	4.069612.578	-8.3773	3.380112.6634	-7.4985	3.431313.0449	-7.2675	4.285913.0592	-6.4865	3.720112.4621	-6.7686	3.666814.8511	-10.5517 2.967714.8157	-10.3931 2.821414.3043	-9.0058	2.84614.0612	-8.2103	2.872713.4579	-7.0426	3.192913.2875	-6.8561	3.339613.4206	-6.7338	3.246513.2013	-5.9747	3.255813.3209	-5.7255	3.013712.8068	-5.6481	2.918314.099	-8.7464	3.1907'#91TM		15.0633	-10.9953 2.777114.4172	-10.7655 2.885214.2535	-10.6893 2.653113.7006	-9.7496	2.771213.4992	-9.5191	2.7612.9532	-8.8375	2.597412.0705	-7.4075	2.566312.2457	-5.7766	2.717914.7289	-10.4613 3.214713.9284	-9.3326	3.373213.2987	-9.1071	3.319813.9425	-8.456	3.700912.8937	-8.2273	3.930312.5825	-8.3059	3.362912.7733	-7.4563	3.445413.0986	-7.3596	4.218513.2183	-6.6563	3.611312.6729	-6.9529	3.624914.7887	-10.4346 2.883614.7495	-10.2834 2.756514.32	-8.9866	2.792714.1202	-8.2839	2.810913.5672	-7.172	3.10813.4188	-7.0101	3.251713.5734	-6.8757	3.1313.3839	-6.1615	3.137213.4501	-5.9528	2.913213.005	-5.8428	2.845814.0969	-8.7164	3.164'#12TM
15.1735	-10.9798 2.802514.4609	-10.8035 2.872614.3855	-10.76	2.678713.7579	-9.7995	2.80913.6146	-9.6367	2.815613.0023	-8.9431	2.649311.9838	-7.5339	2.621712.0413	-5.9396	2.797914.8668	-10.5282 3.271214.0178	-9.3472	3.435313.3446	-9.0978	3.395413.9559	-8.4585	3.817212.9627	-8.3349	4.099612.626	-8.4045	3.432112.7909	-7.5591	3.503613.1508	-7.2764	4.3413.0874	-6.6093	3.678212.5962	-6.8378	3.745114.8768	-10.4987 2.913814.8079	-10.2754 2.766714.3491	-8.9849	2.836614.1245	-8.2258	2.874813.4827	-7.1153	3.164413.3341	-6.97	3.31613.4938	-6.8418	3.1713.2071	-6.1707	3.211813.277	-5.9063	2.947112.8102	-5.8224	2.900314.1153	-8.6324	3.2174'#59TM
15.1831	-10.9622 2.790514.4857	-10.7606 2.880314.3821	-10.6645 2.672413.771	-9.7397	2.75713.679	-9.6348	2.752613.1529	-8.9887	2.550312.0589	-7.4295	2.540212.0604	-5.7917	2.694614.7523	-10.4399 3.1721
13.993	-9.2997	3.324913.3814	-9.0713	3.267213.902	-8.4612	3.699612.8712	-8.2446	3.893312.6196	-8.3771	3.276112.8201	-7.433	3.380813.0144	-7.3316	4.215213.141	-6.5407	3.616212.5854	-6.7605	3.604314.8357	-10.4233 2.873414.8207	-10.3088 2.72614.3431	-8.9919	2.751714.1415	-8.2527	2.782413.501	-7.0518	3.117313.3801	-6.8966	3.261313.4999	-6.7705	3.122113.2562	-6.0582	3.130213.3554	-5.8229	2.87112.8283	-5.7365	2.831514.1543	-8.7074	3.1103