[individuals]
73
[landmarks]
29
[Dimensions]
3
[names] 
1991WM
2001WM
3792WM
4299WM
6952WM
8965WM
8963WM
3791WM
42508WM
47485WM 
60057WM
52382WM
1178WF
1992WF
3793WF
3794WF
3795WF
7471WF
42388WF
31933WF
567UF
1058UF
1024UF
568UF
537UF
222UF
216UF
556UF
555UF
573UF
1066UF
1007UF
1005UF
1008UF
1061UF 
136UM
139UM
154UM
161UM
165UM
169UM
179UM
180UM
481TF
254TF
429TF
308TF
476TF
493TF
399TF
519TF
601TF
193TF
288TF
181TF
448TF
285TF
217TF
61TM
47TM
117TM
98TM
23TM
99TM
11TM
82TM
28TM
81TM
128TM
48TM
91TM
12TM
59TM
[labels]
Sex DomesticationStatus
[labelvalues]
Male Wild
Male Wild
Male Wild
Male Wild
Male Wild
Male Wild
Male Wild
Male Wild
Male Wild
Male Wild
Male Wild
Male Wild
Female Wild
Female Wild
Female Wild
Female Wild
Female Wild
Female Wild
Female Wild
Female Wild
Female Unselected
Female Unselected
Female Unselected
Female Unselected
Female Unselected
Female Unselected
Female Unselected
Female Unselected
Female Unselected
Female Unselected
Female Unselected
Female Unselected
Female Unselected
Female Unselected
Female Unselected
Male Unselected
Male Unselected
Male Unselected
Male Unselected
Male Unselected
Male Unselected
Male Unselected
Male Unselected
Female Tame
Female Tame
Female Tame
Female Tame
Female Tame
Female Tame
Female Tame
Female Tame
Female Tame
Female Tame
Female Tame
Female Tame
Female Tame
Female Tame
Female Tame
Male Tame
Male Tame
Male Tame
Male Tame
Male Tame
Male Tame
Male Tame
Male Tame
Male Tame
Male Tame
Male Tame
Male Tame
Male Tame
Male Tame
Male Tame
[rawpoints]
'#1991WM
17.3913	-1.2636	2.7655
16.7561	-1.2672	2.897716.6673	-1.2673	2.682515.957	-0.6816	2.771715.5981	-0.4731	2.748
15.0245	-0.1337	2.583813.6579	0.9477	2.585713.1239	2.2723	2.70716.9635	-0.881	3.157115.9851	-0.1716	3.320915.362	-0.0952	3.238615.7509	0.6564	3.645914.8277	0.53	3.890714.5416	0.2606	3.233214.4433	0.9292	3.385314.6562	1.489	4.165414.4483	2.0965	3.602313.9375	1.5834	3.64716.9963	-0.8221	2.845416.8883	-0.7029	2.718716.1568	0.3004	2.747615.6765	0.8826	2.751614.8703	1.6986	3.060514.6888	1.8187	3.249514.7458	1.973	3.102514.2603	2.5357	3.090914.2612	2.7551	2.831913.7923	2.692	2.800815.9505	0.4625	3.0683'#2001WM
17.5883	-1.2151	2.751316.91	-1.255	2.895616.7542	-1.2401	2.678915.9967	-0.6435	2.763415.5617	-0.4276	2.767615.0071	-0.1081	2.562913.6556	0.8279	2.56813.0177	2.3165	2.685617.1974	-0.8632	3.197915.9639	-0.0889	3.345515.4206	-0.0773	3.352315.7572	0.6536	3.647314.7159	0.536	3.905914.5083	0.2759	3.369614.3504	1.0417	3.384914.6139	1.5641	4.17514.3987	2.0961	3.651913.8704	1.6178	3.624917.1774	-0.8166	2.855417.0921	-0.6754	2.70316.2845	0.2473	2.720615.6648	1.0157	2.755914.8367	1.7391	3.052414.621	1.8373	3.228214.7106	1.9676	3.076914.2134	2.5682	3.118814.2148	2.8053	2.840113.7281	2.735	2.802616.0088	0.4963	3.0448
'#3792WM
17.6293	-0.7435	2.738617.0557	-0.8623	2.807316.9144	-0.8225	2.608216.1278	-0.4018	2.708815.6474	-0.2042	2.675215.1648	0.0168	2.530713.7483	1.0038	2.530113.1128	2.3279	2.645317.0577	-0.5126	3.049816.0935	0.0999	3.224315.4406	0.1317	3.184515.7631	0.8838	3.552714.7982	0.762	3.717214.6135	0.4451	3.185114.3657	1.177	3.322914.6426	1.5602	3.974714.3298	2.1325	3.501913.9204	1.6975	3.553717.1718	-0.4665	2.801417.0651	-0.3499	2.652816.2377	0.5083	2.689415.688	1.1151	2.720714.8353	1.7766	3.007314.6389	1.9109	3.181414.6952	2.0624	3.030914.1923	2.6132	3.042114.1585	2.8444	2.803813.7389	2.7196	2.752815.9919	0.6794	3.0352
'#4299WM
17.4344	-1.1207	2.733616.8465	-1.1336	2.882416.7075	-1.1438	2.703316.138	-0.6663	2.83915.7667	-0.428	2.817915.2408	-0.087	2.651613.7476	0.904	2.638413.1396	2.1405	2.671317.058	-0.7524	3.158516.1216	-0.0018	3.341415.5566	0.0282	3.380615.816	0.822	3.619814.8898	0.6572	3.960314.6551	0.4358	3.514114.5222	1.0859	3.386414.7519	1.678	4.117814.4321	2.1523	3.503913.983	1.7338	3.631517.0686	-0.7587	2.829916.9991	-0.6743	2.690216.4336	0.119	2.704815.7496	1.0658	2.723314.9457	1.7932	3.014814.7617	1.9077	3.155914.7936	2.0595	3.005714.2988	2.561	2.992114.2618	2.7818	2.748613.8096	2.672	2.739516.0639	0.5748	3.0475'#6952WM
17.4866	-1.2719	2.726216.8733	-1.2835	2.871916.7792	-1.3079	2.682616.0475	-0.6843	2.76715.672	-0.4703	2.770815.1477	-0.1466	2.609213.7881	0.8894	2.638613.2836	2.3401	2.664117.0366	-0.9112	3.104116.1072	-0.0695	3.303315.4667	-0.0838	3.281815.8719	0.7432	3.530414.9033	0.64	3.917614.6974	0.3161	3.317414.4224	1.138	3.436114.8563	1.5494	4.085114.5643	2.1208	3.494814.124	1.782	3.631217.097	-0.9407	2.820816.9818	-0.8228	2.658216.2284	0.229	2.690615.7847	0.8881	2.698315.0315	1.6817	2.979114.8562	1.7999	3.150514.914	1.9556	3.005114.4632	2.4858	2.993414.4407	2.7033	2.691913.969	2.606	2.689316.0433	0.44	2.9656'#8965WM
17.3791	-1.2456	2.730616.7656	-1.2514	2.895216.6157	-1.218	2.688516.0329	-0.7259	2.828715.5531	-0.4428	2.873615.1415	-0.1678	2.666713.7569	0.9387	2.666213.3742	2.3098	2.680716.8563	-0.889	3.090316.0305	-0.0965	3.301815.5574	0.0097	3.331915.8489	0.7141	3.514414.992	0.7619	3.839714.7149	0.3832	3.364714.5664	0.9507	3.40714.903	1.5088	4.014714.6172	2.1464	3.454214.2034	1.7712	3.65316.9865	-0.9073	2.792916.8751	-0.8183	2.650616.1592	0.2444	2.655715.7448	0.9032	2.664815.0625	1.6958	2.963214.9016	1.8528	3.140214.9465	1.9859	2.976114.4858	2.5606	2.944114.4682	2.7339	2.674913.9994	2.6921	2.67916.0135	0.4936	2.9837'#8963WM
17.6095	-1.8014	2.717317.0035	-1.8239	2.85416.8145	-1.7815	2.622716.0684	-1.1721	2.789815.7617	-0.9801	2.786815.0754	-0.5329	2.598813.6707	0.6511	2.692613.0903	2.0499	2.941217.1586	-1.4715	3.177316.1389	-0.6791	3.367115.4561	-0.5767	3.341515.8598	0.1842	3.841114.7977	0.0144	4.018614.5449	-0.2322	3.391314.3387	0.7399	3.561514.6309	1.029	4.42514.3969	1.7052	3.913313.9707	1.3124	3.870617.2275	-1.434	2.859717.1439	-1.2859	2.711916.2978	-0.123	2.88215.8345	0.563	2.969614.8959	1.3882	3.320214.707	1.4932	3.492814.7931	1.6781	3.365214.2659	2.3292	3.417414.277	2.597	3.20813.7815	2.4662	3.126216.0266	0.0619	3.2392'#3791WM
17.4297	-0.9446	2.754216.7849	-1.0151	2.843916.6843	-1.0248	2.651115.9058	-0.4782	2.750715.6387	-0.3521	2.76414.9759	0.037	2.579313.5763	1.1317	2.603113.1272	2.4885	2.658716.8687	-0.6613	3.107616.0175	-0.0022	3.279115.3749	0.1005	3.216415.715	0.831	3.567914.7253	0.795	3.758614.5479	0.4337	3.234614.3074	1.2004	3.352114.6301	1.6444	3.98414.3754	2.2241	3.480113.9142	1.8058	3.574917.0191	-0.6242	2.825716.9325	-0.5368	2.666216.1579	0.3768	2.672915.6858	1.0102	2.690814.8675	1.7654	2.98714.6589	1.933	3.170514.7453	2.085	3.002114.261	2.663	2.983814.2618	2.8407	2.746113.7959	2.8092	2.732115.9534	0.5724	3.0065'#42508WM
16.3688	-4.5608	2.778115.6601	-4.6041	2.903715.5646	-4.5586	2.673714.8106	-3.8662	2.754814.2988	-3.4799	2.724313.8635	-3.1042	2.575112.6015	-1.8483	2.560812.0645	-0.2425	2.672715.872	-4.1814	3.182614.8774	-3.279	3.364214.1254	-3.0828	3.281914.7459	-2.352	3.630613.557	-2.3051	3.880413.3697	-2.6021	3.280913.2948	-1.6812	3.382213.5954	-1.2883	4.179413.4211	-0.6482	3.546612.9595	-0.985	3.625215.9811	-4.2032	2.872615.8601	-4.013	2.720315.0911	-2.8584	2.737814.6916	-2.064	2.751613.8734	-1.1212	3.044113.7215	-0.9687	3.232813.7748	-0.8508	3.091613.3617	-0.1289	3.06213.4036	0.1045	2.782712.8692	0.0741	2.75114.9801	-2.6819	3.047
'#47485WM
15.993	-4.5623	2.757515.3758	-4.4911	2.913115.237	-4.4221	2.678814.6137	-3.6906	2.788314.3474	-3.4981	2.788513.8305	-3.0389	2.638112.6265	-1.6904	2.65412.2438	-0.1636	2.669115.5944	-4.1442	3.141314.8142	-3.2353	3.347514.089	-3.0086	3.294514.6953	-2.3429	3.641213.6429	-2.1828	3.985813.3619	-2.5131	3.356413.3914	-1.6593	3.387513.7068	-1.1859	4.149413.5497	-0.5871	3.54312.9904	-0.977	3.624915.6901	-4.1515	2.829615.5835	-3.9858	2.693914.9889	-2.782	2.691414.6582	-2.0884	2.695813.9738	-1.0641	3.010313.8205	-0.9202	3.178713.9096	-0.7917	3.005613.4795	-0.128	2.986913.477	0.082	2.727512.9106	0.054	2.717714.8773	-2.6511	3.0685'#60057WM
16.103	-4.5444	2.724115.4855	-4.4461	2.870515.3735	-4.458	2.644814.6237	-3.6821	2.774714.4249	-3.5653	2.775913.9074	-3.1224	2.591612.582	-1.8903	2.618912.155	-0.3822	2.715315.7286	-4.1321	3.127714.8468	-3.1778	3.307714.2451	-3.0847	3.287914.7031	-2.3738	3.612713.6732	-2.3562	3.900313.4098	-2.6179	3.324413.3601	-1.8176	3.379813.6176	-1.3987	4.146813.4174	-0.7746	3.592712.9711	-1.1245	3.681715.7904	-4.1301	2.811515.7461	-4.0025	2.674614.9999	-2.8137	2.720814.5715	-1.9979	2.753513.8402	-1.1845	3.035213.6829	-1.0408	3.217313.7393	-0.8975	3.103313.3032	-0.2819	3.059813.3692	-0.0326	2.822512.8914	-0.0821	2.79714.8545	-2.5766	3.0472'#52832WM
15.6119	-5.7645	2.740215.0194	-5.6461	2.848214.9273	-5.6521	2.649914.433	-4.9988	2.774414.0654	-4.7035	2.773113.7378	-4.3458	2.626412.6568	-3.0405	2.641512.4213	-1.6422	2.661515.2716	-5.3854	3.077514.6597	-4.4186	3.271613.9942	-4.2639	3.240614.5595	-3.5697	3.517213.6405	-3.503	3.836213.3483	-3.7756	3.265313.3043	-2.9736	3.382113.7189	-2.5948	4.013413.6252	-2.0691	3.455613.1026	-2.3789	3.578215.3529	-5.3744	2.800315.282	-5.209	2.675914.8182	-4.1381	2.680314.5061	-3.3253	2.67813.9478	-2.5351	2.961713.7979	-2.4078	3.0913.895	-2.3228	2.944213.5675	-1.6455	2.950813.5991	-1.456	2.676213.1383	-1.4096	2.677114.7017	-3.8688	2.9529'#1178WF
15.5631	-6.0605	2.750714.8971	-5.8918	2.887714.7947	-5.8304	2.659314.2074	-5.0137	2.763113.9112	-4.7144	2.762113.5129	-4.2609	2.604812.5215	-2.8534	2.587212.3756	-1.3336	2.59115.2494	-5.5471	3.167214.4784	-4.5343	3.295513.8826	-4.3025	3.29614.4819	-3.6324	3.578813.4801	-3.4091	3.829713.2177	-3.6599	3.315913.2066	-2.8826	3.3913.6617	-2.5588	4.034513.5629	-1.9345	3.509113.0585	-2.203	3.583515.2556	-5.6073	2.823915.1932	-5.4722	2.695514.7319	-4.2522	2.710614.4392	-3.3677	2.721213.8851	-2.3886	2.984413.7499	-2.2278	3.137613.8532	-2.1105	2.996113.5878	-1.4339	2.975513.6722	-1.2006	2.715113.194	-1.151	2.683314.5718	-3.9019	3.0315'#1992WF
15.5151	-5.6035	2.686114.9802	-5.4757	2.813614.8291	-5.439	2.606114.3776	-4.8606	2.712113.9871	-4.507	2.68313.6585	-4.1871	2.534812.6322	-2.8617	2.553912.4171	-1.4368	2.626515.1609	-5.1965	3.01314.5305	-4.3432	3.147814.013	-4.1257	3.16614.4673	-3.5044	3.517713.6057	-3.3234	3.752313.2817	-3.6069	3.18513.2853	-2.8745	3.303113.6969	-2.488	3.921913.5641	-1.901	3.477213.0774	-2.1878	3.522215.2422	-5.2277	2.749815.1595	-5.0727	2.618514.7062	-3.9146	2.652914.4478	-3.2651	2.665913.9051	-2.3678	2.939613.7683	-2.2285	3.102813.8607	-2.091	2.992413.5765	-1.4505	2.934213.6044	-1.2194	2.698713.1379	-1.2011	2.682114.5683	-3.7123	2.9504'#3793WF
15.6408	-5.7567	2.718415.0892	-5.6351	2.862214.9778	-5.6455	2.685114.4791	-4.971	2.78114.242	-4.7735	2.767113.7597	-4.2955	2.639512.7178	-3.0557	2.665812.6783	-1.6664	2.683315.2447	-5.3301	3.078814.6602	-4.4522	3.237214.1142	-4.3024	3.186214.6193	-3.6295	3.481513.7948	-3.504	3.723313.5182	-3.7877	3.258813.4941	-3.0888	3.380913.9007	-2.7604	3.927913.846	-2.1717	3.440213.3637	-2.4209	3.611115.3718	-5.353	2.802815.3146	-5.2439	2.661314.8612	-4.1887	2.661114.5927	-3.4363	2.662914.1295	-2.6538	2.932913.9967	-2.4906	3.075914.0708	-2.3619	2.944313.778	-1.7332	2.925813.8128	-1.5419	2.67813.3761	-1.4938	2.700614.7636	-3.9485	2.9506'#3794WF
15.4314	-5.9711	2.713814.8752	-5.7919	2.847514.7301	-5.7011	2.65814.3094	-5.0349	2.786714.0326	-4.7273	2.793413.5933	-4.2407	2.65312.607	-2.937	2.682312.5002	-1.3952	2.727715.0708	-5.4492	3.052814.5033	-4.4612	3.270713.9732	-4.2385	3.293514.5279	-3.5705	3.515413.6848	-3.3847	3.850413.3417	-3.6915	3.337313.3408	-2.8938	3.457513.8108	-2.5635	4.034713.7087	-1.9528	3.523713.1967	-2.2299	3.674115.1827	-5.4883	2.759315.1538	-5.3464	2.625914.7125	-4.1438	2.659514.4622	-3.3796	2.677313.9918	-2.4612	2.968813.8714	-2.2864	3.151513.9222	-2.1768	2.975913.6354	-1.4459	2.965513.6715	-1.2554	2.689113.2377	-1.2119	2.710614.6002	-3.8465	2.9715'#3795WF
15.4733	-5.7769	2.723114.9363	-5.696	2.833614.8061	-5.6344	2.618414.372	-5.03	2.71714.0482	-4.6829	2.685813.6456	-4.2719	2.522512.5983	-3.0233	2.506312.4673	-1.6215	2.559115.1334	-5.3023	3.061914.4734	-4.4437	3.175114.0063	-4.266	3.189714.4579	-3.6087	3.488213.5585	-3.4831	3.686113.299	-3.7729	3.175213.3039	-3.0047	3.230213.6321	-2.6285	3.874213.5587	-2.1417	3.391213.0645	-2.4436	3.415115.2094	-5.345	2.77915.1625	-5.2527	2.647914.6913	-4.0805	2.642314.4075	-3.4226	2.648913.9016	-2.5687	2.935613.7602	-2.4114	3.071113.8749	-2.3013	2.902913.547	-1.6362	2.896413.6181	-1.4726	2.652813.1471	-1.4294	2.625514.5818	-3.8783	2.9289'#7471WF
15.6342	-5.6313	2.683215.0539	-5.5412	2.815214.9555	-5.4906	2.636514.4571	-4.8631	2.720114.2823	-4.692	2.70113.7334	-4.2236	2.567112.6653	-2.9058	2.57712.5033	-1.5429	2.639115.2596	-5.2036	3.024414.5443	-4.3345	3.194714.0472	-4.1563	3.191414.5613	-3.5407	3.456913.6301	-3.3358	3.76513.4312	-3.6636	3.230313.3839	-2.8192	3.365213.7527	-2.6315	3.950313.6316	-1.9201	3.418513.1636	-2.1863	3.538715.3514	-5.2538	2.754415.2977	-5.1382	2.612314.803	-4.0329	2.646914.5092	-3.2628	2.648214.0017	-2.3847	2.924913.8753	-2.236	3.077413.9483	-2.1365	2.936913.642	-1.4214	2.928613.6948	-1.2127	2.67413.2116	-1.184	2.667114.6651	-3.74	2.9191'#42388WF
15.6523	-5.7242	2.692315.0566	-5.6076	2.851814.9353	-5.5747	2.634714.3299	-4.8056	2.743514.1497	-4.6178	2.742813.6716	-4.1838	2.600912.5559	-2.8802	2.617112.3158	-1.5139	2.638615.2722	-5.313	3.064514.5829	-4.3894	3.217613.9314	-4.1361	3.218514.4835	-3.5079	3.555613.5412	-3.3587	3.871313.2338	-3.6065	3.311713.2794	-2.798	3.371913.6374	-2.4623	4.033913.4954	-1.822	3.49712.995	-2.1301	3.571715.3921	-5.3242	2.784215.3265	-5.1864	2.646514.8424	-4.0077	2.684214.457	-3.1948	2.691713.9058	-2.2591	2.977113.7513	-2.0922	3.152913.8416	-1.9707	2.974413.4943	-1.3093	2.967913.5291	-1.097	2.715113.0325	-1.113	2.711514.6836	-3.7717	2.9953'#31933WF
15.2522	-5.7325	2.714514.6785	-5.5119	2.847814.577	-5.4504	2.645714.1718	-4.7969	2.772413.9509	-4.5408	2.774613.5253	-4.0855	2.627712.5922	-2.8186	2.636412.4552	-1.3898	2.679115.0543	-5.2579	3.070414.4698	-4.3285	3.2613.9809	-4.137	3.322314.5084	-3.483	3.57813.587	-3.3057	3.913813.291	-3.5708	3.340313.2561	-2.7851	3.410513.7459	-2.4741	4.078913.6925	-1.9093	3.462313.1721	-2.1807	3.616715.0759	-5.2968	2.789414.9895	-5.0932	2.6614.6735	-4.015	2.671714.4293	-3.2474	2.692413.9384	-2.3949	2.953413.8298	-2.2275	3.124213.8893	-2.1127	2.961213.6398	-1.448	2.948213.7052	-1.2404	2.706813.2626	-1.1799	2.714514.5528	-3.7361	2.9854'#567UF
14.8026	-7.4802	2.755314.19	-7.3329	2.900214.0566	-7.3078	2.709213.4815	-6.5234	2.832513.356	-6.4054	2.836212.7472	-5.7832	2.638611.7111	-4.5154	2.637511.65	-3.0204	2.688114.4513	-7.0324	3.152913.665	-6.0455	3.283913.0946	-5.8274	3.307913.6775	-5.1679	3.592212.7204	-5.0154	3.94112.3631	-5.275	3.371612.4756	-4.4706	3.408312.7703	-4.1856	4.110512.7219	-3.5104	3.522712.2551	-3.7866	3.613614.4917	-7.0021	2.844814.4406	-6.868	2.693413.9384	-5.6857	2.697613.6798	-5.0531	2.7113.0843	-4.0022	3.020412.934	-3.8489	3.170513.0777	-3.6828	3.050112.7562	-2.9766	2.996312.8584	-2.8625	2.740312.3857	-2.8031	2.715113.8037	-5.5183	3.026
'#1058UF
14.7694	-7.2827	2.766414.1059	-7.163	2.883514.0358	-7.1155	2.66413.3564	-6.3677	2.803813.2404	-6.2751	2.806212.62	-5.7467	2.641911.5749	-4.3714	2.601811.5434	-2.8926	2.671614.3737	-6.8313	3.172613.6136	-5.95	3.325212.93	-5.7485	3.261513.4976	-5.0943	3.596312.5445	-4.9156	3.914312.2394	-5.1325	3.304612.2671	-4.3598	3.401212.7019	-4.0257	4.074412.6058	-3.4227	3.507912.0927	-3.7101	3.595614.4413	-6.8151	2.839114.3869	-6.6658	2.696513.8313	-5.5795	2.712613.5217	-4.8907	2.739512.9687	-3.9417	3.003612.8397	-3.7855	3.169912.9713	-3.649	3.009712.6685	-2.9732	3.003312.7512	-2.7577	2.786112.2667	-2.7061	2.744813.6867	-5.4083	3.0877'#1024UF
14.6157	-7.5935	2.789713.9886	-7.4388	2.899713.8928	-7.41	2.669413.2813	-6.543	2.754913.0365	-6.2724	2.744812.5446	-5.7427	2.632711.5393	-4.3592	2.57211.4897	-2.8032	2.677614.2339	-7.1183	3.158213.4587	-6.1321	3.239812.8488	-5.8463	3.289913.421	-5.2193	3.593812.4235	-5.032	3.926412.1322	-5.2124	3.358812.2344	-4.4091	3.408212.5625	-4.1057	4.099612.5383	-3.5185	3.610312.0613	-3.728	3.62814.3298	-7.1152	2.853714.2598	-6.9528	2.702813.7637	-5.7102	2.772613.5231	-4.9742	2.793812.8964	-3.9283	3.078912.7446	-3.7953	3.248512.9041	-3.6651	3.108112.6067	-2.9559	3.117812.6801	-2.7741	2.876912.1711	-2.6729	2.798913.5819	-5.532	3.0913'#568UF
14.6171	-7.4859	2.781213.9976	-7.2889	2.910813.8806	-7.2727	2.701413.2683	-6.4311	2.823813.2251	-6.3852	2.828412.5823	-5.6826	2.631611.5865	-4.3447	2.593611.5841	-2.804	2.661814.2654	-6.98	3.175913.5397	-5.9367	3.349812.8924	-5.7072	3.330213.5524	-5.0867	3.610112.5478	-4.8843	3.927112.2062	-5.1352	3.385512.319	-4.2778	3.395412.6782	-3.9871	4.06912.6149	-3.4115	3.498912.1113	-3.6797	3.56814.3556	-6.9943	2.852114.3007	-6.8167	2.697413.7762	-5.5823	2.708913.5517	-4.9373	2.736612.9263	-3.8345	2.989112.7806	-3.703	3.148412.9257	-3.5793	3.023812.6102	-2.8994	3.012612.721	-2.7678	2.775212.2544	-2.6839	2.734913.6418	-5.344	3.0581'#537UF
16.4043	-9.6031	2.797615.731	-9.5652	2.910615.6014	-9.505	2.674214.918	-8.7968	2.79814.6849	-8.606	2.795914.0333	-8.0387	2.584212.9118	-6.7343	2.53112.714	-5.1341	2.657315.9619	-9.1924	3.205315.0548	-8.2887	3.319214.376	-8.0752	3.319114.8853	-7.405	3.662813.838	-7.3443	3.87713.5862	-7.5472	3.318113.5242	-6.7323	3.378613.845	-6.3955	4.073813.713	-5.7664	3.544113.23	-6.0314	3.552716.0526	-9.2088	2.905715.9766	-9.0478	2.740715.2462	-7.8485	2.776214.9617	-7.1606	2.818414.1721	-6.1953	3.071114.0311	-6.0735	3.200614.1159	-5.891	3.061813.7558	-5.2511	3.068313.8976	-5.0189	2.846213.4016	-4.9865	2.778215.1059	-7.6391	3.0961'#222UF
14.2784	-8.1409	2.780613.6504	-7.9948	2.869213.5479	-7.9567	2.667312.9831	-7.1823	2.739812.7601	-6.9724	2.726912.3133	-6.4391	2.563111.338	-4.9755	2.519211.3484	-3.545	2.635213.8664	-7.6904	3.138913.141	-6.7597	3.265412.5616	-6.4916	3.262513.0978	-5.9661	3.659212.1291	-5.7536	3.881611.8552	-5.8746	3.272311.956	-5.0016	3.352512.2393	-4.8841	4.110912.2896	-4.2371	3.5711.7294	-4.4628	3.548213.9572	-7.6425	2.842513.8815	-7.5133	2.704413.3957	-6.3558	2.737313.1754	-5.6783	2.761512.6355	-4.7106	3.040712.4871	-4.5557	3.195412.6189	-4.4317	3.077112.3778	-3.7042	3.05212.4864	-3.5047	2.848912.0518	-3.4294	2.771313.274	-6.1586	3.0712'#216UF
14.2321	-8.1	2.767913.6138	-7.9713	2.85413.5208	-7.931	2.64312.9397	-7.1574	2.706112.7032	-6.9495	2.700712.2887	-6.481	2.520511.344	-4.937	2.555711.363	-3.5255	2.694113.8267	-7.631	3.087113.1205	-6.72	3.251712.5031	-6.4861	3.190513.0871	-5.9085	3.56512.1933	-5.7046	3.824611.8818	-5.8441	3.182711.9533	-5.0705	3.316812.2627	-4.8563	4.06612.339	-4.2137	3.534411.8174	-4.4197	3.572413.9317	-7.6308	2.813513.8821	-7.5361	2.677813.3904	-6.411	2.684413.1376	-5.6074	2.717212.6642	-4.6844	3.010212.5156	-4.5161	3.172712.6638	-4.3939	3.057412.4456	-3.7049	3.064412.5485	-3.4922	2.843512.0817	-3.4164	2.775613.2242	-6.0869	3.0134'#556UF
14.3515	-8.5403	2.815213.7325	-8.3246	2.948313.6013	-8.2878	2.726512.9076	-7.3059	2.808512.8922	-7.2895	2.808512.3102	-6.5818	2.630811.2349	-5.0779	2.611411.1365	-3.5025	2.724213.9883	-7.986	3.219813.1959	-6.8861	3.369712.5639	-6.6583	3.321613.1735	-6.0107	3.686312.1726	-5.8364	3.954711.8524	-5.9512	3.405111.9092	-5.1581	3.415812.3332	-4.8678	4.177412.3104	-4.2316	3.616311.6743	-4.5541	3.624114.0933	-7.9726	2.903614.0522	-7.8232	2.745213.5447	-6.5395	2.744213.3078	-5.8191	2.784512.619	-4.6714	3.068812.4693	-4.5296	3.235812.6429	-4.3853	3.111512.3333	-3.6558	3.143512.4757	-3.4386	2.905511.9614	-3.3128	2.856113.3783	-6.3323	3.0905'#555UF
14.0878	-8.2548	2.763113.4835	-8.0311	2.87813.41	-7.9962	2.66712.8149	-7.1472	2.749912.6267	-6.9678	2.763712.0779	-6.3698	2.612211.216	-4.8658	2.573711.3824	-3.3498	2.666713.7486	-7.7706	3.125213.0331	-6.7235	3.251812.4626	-6.4292	3.306813.0577	-5.8505	3.603412.1398	-5.634	3.931411.746	-5.7813	3.31411.9075	-4.9387	3.374112.3275	-4.7835	4.094312.3784	-4.1694	3.578911.8661	-4.2921	3.588813.8482	-7.7586	2.830613.7806	-7.5981	2.675513.3259	-6.357	2.713.132	-5.704	2.719112.6461	-4.6237	3.031112.5375	-4.4752	3.204312.6873	-4.3512	3.043312.4818	-3.6353	3.052612.604	-3.4378	2.802512.1283	-3.3043	2.739513.1714	-6.0598	3.0128'#573UF
16.1315	-9.6069	2.779415.5069	-9.4663	2.909115.389	-9.4343	2.705214.8059	-8.7526	2.783114.6125	-8.5519	2.778814.0151	-8.0146	2.642312.9475	-6.7709	2.643312.8145	-5.272	2.701715.7508	-9.1664	3.168714.9431	-8.2691	3.290514.4329	-8.1087	3.333414.8853	-7.4222	3.622413.9476	-7.3352	3.968213.6272	-7.4963	3.422213.6442	-6.7166	3.413714.0262	-6.4432	4.13913.9047	-5.7834	3.572113.3846	-6.0627	3.613415.8242	-9.1767	2.887115.7368	-9.0222	2.704415.2133	-7.9588	2.719614.9496	-7.2522	2.741814.2944	-6.2777	3.062414.1526	-6.1165	3.22614.2553	-5.9764	3.052113.9324	-5.3065	3.048913.9983	-5.1127	2.787413.5014	-5.1049	2.762115.0859	-7.7454	3.0418'#1066UF
14.1769	-8.4255	2.772613.5944	-8.2618	2.933113.4724	-8.1921	2.71512.9404	-7.3864	2.814512.7382	-7.1621	2.800212.2385	-6.5497	2.649411.3303	-5.0881	2.589211.3764	-3.5963	2.677113.8545	-7.9408	3.176413.1752	-6.8824	3.342912.596	-6.6459	3.307713.1645	-5.9945	3.688312.191	-5.7539	3.943311.8778	-5.9838	3.35812.0581	-5.2109	3.384712.4381	-4.9248	4.155912.4392	-4.2385	3.537311.9058	-4.391	3.613313.9319	-7.9408	2.870513.8387	-7.7476	2.706313.4608	-6.5942	2.72713.2949	-5.8997	2.746512.7326	-4.7634	3.037112.5966	-4.5982	3.177112.7595	-4.4792	3.038312.5347	-3.7699	3.059212.623	-3.573	2.778312.1147	-3.5125	2.734513.3325	-6.2824	3.0829'#1007UF
14.2756	-8.1799	2.760413.6346	-8.0043	2.895113.576	-7.9742	2.68613.0233	-7.2291	2.803812.7821	-6.9847	2.808412.3107	-6.4931	2.660811.3372	-5.0704	2.633711.5076	-3.6048	2.697713.9532	-7.6847	3.129613.2647	-6.7422	3.26412.6308	-6.5081	3.271113.3426	-5.9488	3.539512.3693	-5.6721	3.936111.977	-5.8625	3.390812.1259	-5.2013	3.402412.6246	-4.7837	4.013112.5355	-4.245	3.489711.9842	-4.5262	3.61714.0241	-7.6969	2.841913.9293	-7.5769	2.699113.4753	-6.4419	2.693113.3118	-5.7683	2.693312.7825	-4.7028	2.96812.6541	-4.5369	3.134212.8022	-4.4128	2.986812.5531	-3.749	2.968312.6119	-3.568	2.752812.1685	-3.483	2.719413.3721	-6.2003	2.9966'#1005UF
14.3915	-8.3956	2.772213.7691	-8.1773	2.897313.679	-8.159	2.676913.1514	-7.3434	2.761312.9277	-7.0879	2.741212.4028	-6.5262	2.586711.4998	-5.1962	2.55511.4394	-3.6767	2.596914.0794	-7.8849	3.119413.3639	-6.8996	3.211812.6677	-6.5655	3.195113.3295	-5.9402	3.493112.3638	-5.7249	3.809212.0518	-5.9413	3.239712.2138	-5.1485	3.30412.5388	-4.8876	3.985512.5113	-4.2929	3.401512.0224	-4.5341	3.497114.1615	-7.894	2.831814.0983	-7.7498	2.6713.6051	-6.5296	2.671913.3964	-5.8459	2.677812.8321	-4.7733	2.954912.7074	-4.6335	3.115412.8447	-4.5099	2.956512.556	-3.7989	2.916812.6307	-3.5734	2.702612.1635	-3.5271	2.651913.4558	-6.2476	2.9595'#1008UF
14.246	-8.449	2.783713.6188	-8.2752	2.901613.5282	-8.2302	2.696412.8586	-7.3333	2.780612.7281	-7.2105	2.766512.2047	-6.5653	2.607211.425	-5.1667	2.57111.4873	-3.6291	2.668113.9093	-7.9502	3.154613.1716	-6.9369	3.242212.5708	-6.6233	3.262913.2447	-6.1106	3.567112.2829	-5.8164	3.909711.9447	-5.9085	3.305212.0768	-5.2451	3.326512.5521	-4.9345	4.055612.5429	-4.3365	3.478412.0093	-4.5588	3.573913.9971	-7.9424	2.841913.9526	-7.7842	2.692713.486	-6.6871	2.67813.3118	-5.9555	2.689812.8191	-4.7997	2.987912.6996	-4.6621	3.131412.8425	-4.5476	3.001412.6068	-3.8655	2.991812.7001	-3.6764	2.747312.2534	-3.5412	2.740513.3383	-6.3199	3.0362'#1061UF
14.2145	-8.5316	2.782213.556	-8.3477	2.905113.4647	-8.3039	2.69812.8774	-7.3914	2.775612.656	-7.1218	2.770712.1331	-6.4358	2.604111.2819	-4.8694	2.593611.4197	-3.2744	2.668813.8286	-7.9765	3.182313.1465	-6.9645	3.297512.4743	-6.5825	3.303913.1836	-5.9803	3.670612.1897	-5.7238	3.962711.7977	-5.8539	3.376711.921	-5.0075	3.385812.4733	-4.795	4.107312.4214	-4.1373	3.529411.8449	-4.3526	3.593413.9207	-8.0112	2.864813.8963	-7.9215	2.710113.4289	-6.6203	2.719113.226	-5.7998	2.73912.7251	-4.682	3.030412.5914	-4.498	3.174512.7263	-4.4122	3.042412.5423	-3.6237	3.046812.6769	-3.4605	2.779312.1719	-3.3077	2.760713.3116	-6.3038	3.0529'#136UM
15.1108	-7.4411	2.829914.407	-7.3031	2.974114.2538	-7.3139	2.791213.5168	-6.4788	2.876313.3802	-6.3826	2.885512.6195	-5.7563	2.752711.6132	-4.378	2.732811.5234	-2.6615	2.78914.781	-6.9711	3.266813.7878	-5.987	3.403513.0571	-5.8028	3.408413.7036	-5.0959	3.709912.621	-4.9859	4.10712.2922	-5.1983	3.448212.2394	-4.3167	3.497412.7732	-4.0178	4.231512.6964	-3.3925	3.639412.125	-3.7444	3.681714.7229	-6.9277	2.906614.6529	-6.7854	2.740113.9469	-5.5841	2.75113.7043	-4.9501	2.775713.008	-3.9173	3.086612.8697	-3.7516	3.245912.9917	-3.5947	3.08912.6901	-2.9296	3.11912.7788	-2.7014	2.8312.254	-2.6257	2.818913.8115	-5.3608	3.083'#139UM
14.7193	-7.6526	2.754314.0633	-7.514	2.906313.9779	-7.4633	2.707913.3001	-6.5634	2.797813.1503	-6.404	2.807912.6192	-5.8663	2.641311.4984	-4.4379	2.653911.479	-2.7368	2.709714.3428	-7.15	3.165313.5718	-6.0869	3.329912.9829	-5.8819	3.368913.574	-5.2093	3.68112.4597	-5.0379	3.978212.1741	-5.2266	3.44212.2061	-4.4285	3.462812.6492	-4.0605	4.214212.6442	-3.4576	3.62112.0536	-3.7211	3.651814.4153	-7.1415	2.845514.3837	-7.0011	2.70713.8337	-5.7314	2.742813.5908	-5.0196	2.759112.9562	-3.9462	3.053712.8066	-3.7654	3.22712.9559	-3.6267	3.088812.6553	-3.0003	3.102712.6755	-2.7798	2.808312.2144	-2.6966	2.770213.6689	-5.4636	3.0543'#154UM
14.6283	-7.6516	2.835713.9618	-7.5182	2.9313.7799	-7.4183	2.710313.1198	-6.5319	2.80612.9565	-6.3774	2.797412.5082	-5.8187	2.58611.5806	-4.5332	2.590611.4861	-2.8387	2.702314.3044	-7.2064	3.258113.5168	-6.1495	3.373912.9093	-5.9111	3.351613.4952	-5.256	3.732712.4404	-5.1606	3.982912.1016	-5.2574	3.423512.2002	-4.4544	3.354612.6435	-4.0876	4.180512.5277	-3.4865	3.586712.0155	-3.7574	3.579114.3557	-7.1945	2.89714.2912	-6.9757	2.767813.8033	-5.818	2.754113.5763	-5.0621	2.777412.908	-3.9628	3.055212.7757	-3.8049	3.200612.9083	-3.6355	3.067412.5739	-2.9959	3.081612.6756	-2.7657	2.838312.1851	-2.6833	2.780213.6469	-5.532	3.1305'#161UM
14.8103	-7.7046	2.807314.1083	-7.5455	2.911313.991	-7.5271	2.675513.3394	-6.6234	2.774213.151	-6.4352	2.763812.5686	-5.8532	2.606711.48	-4.4664	2.555811.393	-2.7885	2.671814.3915	-7.2341	3.204113.5442	-6.1386	3.389612.9083	-5.9408	3.371113.4495	-5.2413	3.729312.4112	-5.1348	4.008412.0908	-5.2958	3.377812.1718	-4.3923	3.396912.5061	-4.1391	4.21612.4906	-3.4653	3.628311.9935	-3.6844	3.628714.5019	-7.2052	2.872814.4182	-7.0541	2.718813.8496	-5.7001	2.750113.6066	-4.9993	2.801212.9012	-3.939	3.117712.7499	-3.786	3.26812.912	-3.6597	3.116112.5827	-2.9641	3.125612.6798	-2.7154	2.838812.1779	-2.6702	2.806813.6664	-5.4881	3.1276'#165UM
15.0007	-7.7651	2.862314.2495	-7.6648	2.976614.1428	-7.6408	2.71913.4175	-6.7648	2.842513.1523	-6.5456	2.815912.6034	-5.9791	2.614611.47	-4.4185	2.643811.3822	-2.7618	2.828714.5205	-7.2753	3.284913.5813	-6.2503	3.451312.9063	-6.0206	3.40813.511	-5.323	3.764812.4529	-5.2384	4.115712.0905	-5.4157	3.469812.1622	-4.4404	3.480712.6093	-4.2012	4.294312.494	-3.4906	3.726411.939	-3.7707	3.731414.6089	-7.2364	2.932914.5318	-7.1048	2.765413.9034	-5.8477	2.806113.5788	-5.0785	2.833812.8935	-3.9957	3.166812.737	-3.8384	3.283312.8639	-3.6859	3.169212.5672	-2.9391	3.217312.6668	-2.6986	2.944712.1859	-2.6244	2.906713.6793	-5.5856	3.1399'#169UM
14.8991	-7.78	2.868114.1609	-7.5916	2.989414.0554	-7.521	2.746413.3901	-6.6758	2.856713.1414	-6.4494	2.851512.6257	-5.9182	2.669611.4115	-4.3284	2.648511.2983	-2.744	2.828614.493	-7.1886	3.345213.5059	-6.1888	3.456312.9211	-6.0053	3.433713.445	-5.3259	3.825512.3724	-5.2471	4.117212.0871	-5.3601	3.377512.0559	-4.3771	3.485212.4714	-4.1366	4.393812.412	-3.4259	3.759511.832	-3.742	3.734814.5579	-7.2074	2.958514.4973	-7.0475	2.800213.8472	-5.7437	2.811713.5684	-5.0147	2.866912.8108	-3.9181	3.209512.6586	-3.7949	3.38612.8167	-3.6276	3.210312.4703	-2.8493	3.28212.5699	-2.6087	3.001412.0237	-2.5769	2.925313.6771	-5.5531	3.223'#179UM
14.9051	-7.7374	2.889114.1735	-7.6361	2.970114.0566	-7.6093	2.744613.2774	-6.6684	2.862813.1802	-6.5891	2.880512.57	-5.9176	2.687611.5178	-4.3922	2.566411.4326	-2.7375	2.630614.5524	-7.2527	3.350113.5504	-6.1764	3.456912.9147	-5.9482	3.461513.49	-5.2416	3.774912.3784	-5.0396	4.057812.1006	-5.2747	3.491112.2075	-4.3441	3.414912.4861	-4.0803	4.234212.4702	-3.3954	3.58911.9574	-3.6946	3.589214.6274	-7.3028	2.928214.5042	-6.9892	2.770113.9427	-5.8403	2.834413.6458	-5.0399	2.823912.8851	-3.9389	3.072812.7365	-3.7726	3.250112.8775	-3.6359	3.100312.5854	-2.8635	3.064212.6987	-2.6171	2.799612.2087	-2.5854	2.747413.7239	-5.5626	3.1477'#180UM
14.821	-7.6973	2.837714.1262	-7.5397	2.96913.9889	-7.4939	2.741513.3547	-6.6359	2.81713.161	-6.4375	2.807512.6254	-5.8714	2.667111.5657	-4.3054	2.631711.4351	-2.7849	2.676914.4806	-7.1468	3.280113.6044	-6.1772	3.405712.9909	-5.8966	3.42513.5338	-5.2279	3.720812.4906	-5.1044	4.047812.1541	-5.2481	3.371312.2059	-4.3156	3.419812.6133	-4.0442	4.21212.5415	-3.391	3.636412.0025	-3.6734	3.61814.5234	-7.2466	2.917414.421	-7.0496	2.757313.8291	-5.7698	2.758413.5916	-4.9968	2.78612.915	-3.9182	3.069512.7523	-3.7217	3.255712.8933	-3.5986	3.091812.6121	-2.8692	3.098412.6814	-2.5987	2.855812.2169	-2.5711	2.830313.6875	-5.514	3.109'#481TF		15.4017	-10.8028 2.766614.7695	-10.6783 2.880414.6167	-10.6206 2.689213.9599	-9.731	2.792513.7446	-9.5231	2.799813.1557	-8.9365	2.624912.212	-7.4725	2.633112.2714	-5.8892	2.697615.0484	-10.3161 3.183414.1947	-9.2093	3.349813.4382	-9.0405	3.252914.0444	-8.3966	3.640313.0397	-8.2021	3.906612.7671	-8.3475	3.317712.8672	-7.499	3.437213.2854	-7.3023	4.114613.3346	-6.6024	3.592412.6939	-6.8969	3.586515.0646	-10.3114 2.854615.0264	-10.1974 2.718914.429	-8.8801	2.743214.2397	-8.2222	2.771113.6709	-7.1772	3.086313.5371	-7.002	3.23613.7006	-6.9007	3.054613.4639	-6.1651	3.095713.5354	-5.9396	2.817213.0521	-5.8337	2.763914.3049	-8.6542	3.0834'#254TF
15.3524	-10.9164 2.844614.6939	-10.7405 3.020814.5628	-10.7357 2.797614.0143	-9.8925	2.925513.7981	-9.6738	2.915713.2464	-9.0285	2.766812.1832	-7.4232	2.747312.2941	-5.8902	2.737415.0145	-10.4704 3.276514.229	-9.2803	3.44113.6097	-9.0537	3.450114.2167	-8.4106	3.722813.2276	-8.1593	4.084612.8664	-8.2805	3.565812.952	-7.5307	3.523913.4819	-7.1883	4.213713.3576	-6.5092	3.587412.8218	-6.6764	3.687215.0325	-10.4126 2.933914.9469	-10.2378 2.799614.4371	-8.9568	2.793414.2197	-8.2311	2.785913.7204	-7.1194	3.092413.594	-6.9127	3.254413.7046	-6.8051	3.055113.4741	-6.0672	3.074513.5085	-5.8537	2.791813.023	-5.766	2.779714.3228	-8.6798	3.1368'#429TF
15.1127	-10.8393 2.786414.5041	-10.6645 2.874114.3894	-10.6092 2.673813.8412	-9.8119	2.754313.539	-9.4918	2.739113.0727	-8.9395	2.558812.051	-7.4827	2.571112.0456	-5.9598	2.736614.7054	-10.3634 3.163113.9368	-9.2838	3.319313.321	-9.0356	3.266313.9084	-8.4564	3.678112.9347	-8.2802	3.958512.6293	-8.3894	3.271212.7051	-7.5504	3.442713.0891	-7.3105	4.210313.0646	-6.6234	3.625212.5666	-6.8756	3.681214.8039	-10.3574 2.867714.7581	-10.1925 2.718614.2423	-8.9212	2.747513.9919	-8.1626	2.78513.4276	-7.091	3.138713.2907	-6.9754	3.284613.423	-6.8476	3.114313.169	-6.148	3.179713.2473	-5.9358	2.928712.7931	-5.8303	2.874714.0717	-8.6965	3.0948'#308 TF
15.0105	-10.7537 2.781114.3895	-10.585	2.8714.2855	-10.5408 2.694113.7989	-9.7372	2.78313.5558	-9.4666	2.802913.0616	-8.9301	2.622911.9996	-7.3911	2.612912.084	-5.9617	2.760814.6447	-10.2688 3.185813.9744	-9.2533	3.320713.2978	-8.9903	3.245513.932	-8.3448	3.672812.9384	-8.1483	3.959412.6252	-8.2793	3.390312.7228	-7.4711	3.458113.1733	-7.2672	4.205913.1362	-6.5753	3.619512.5784	-6.8616	3.671114.7432	-10.2959 2.867814.7161	-10.1277 2.737514.2947	-8.8817	2.76914.0562	-8.1033	2.790213.4818	-7.0228	3.099513.3466	-6.9141	3.275913.4535	-6.7727	3.117413.1711	-6.1029	3.147413.254	-5.8499	2.908412.7501	-5.7984	2.867514.1142	-8.6071	3.1301'#476TF
14.8504	-10.8181 2.740614.2414	-10.5943 2.828514.1388	-10.5621 2.631113.648	-9.6965	2.73313.5327	-9.5543	2.734712.9972	-8.9036	2.540712.0752	-7.3989	2.528412.2294	-5.9485	2.650614.5233	-10.2993 3.126113.8038	-9.2501	3.310813.2158	-8.9912	3.21113.789	-8.3919	3.644112.8389	-8.1595	3.87312.5813	-8.3072	3.19612.7397	-7.4864	3.354612.992	-7.3602	4.085213.1067	-6.675	3.506312.6121	-6.8876	3.569214.5973	-10.3658 2.821214.5412	-10.171	2.705714.1139	-8.9495	2.750313.9312	-8.2452	2.771113.4757	-7.1398	3.049113.301	-7.0145	3.195313.4527	-6.8762	3.072613.2387	-6.1581	3.093913.3324	-5.963	2.86412.8749	-5.8598	2.76613.9224	-8.6055	3.0592'#493 TF
15.0111	-10.9419 2.763314.3968	-10.7558 2.871414.2837	-10.7143 2.690213.7567	-9.8361	2.779413.6512	-9.713	2.797813.1508	-9.0767	2.598712.28	-7.6397	2.660212.4776	-6.1629	2.705314.6481	-10.4468 3.104214.0514	-9.383 3.26713.5173	-9.1482	3.245814.0728	-8.5912	3.563213.1788	-8.3102	3.883512.845	-8.4393	3.355813.021	-7.7708	3.384413.4382	-7.4915	4.073613.4433	-6.8316	3.466212.9097	-6.9799	3.621814.7682	-10.4693 2.836614.7203	-10.3034 2.696614.3406	-9.1047	2.697114.1563	-8.4012	2.709113.6957	-7.3147	3.029513.5868	-7.1749	3.167513.7149	-7.074	2.989213.5592	-6.3814	3.03613.6441	-6.1649	2.77913.1735	-6.0591	2.787314.2063	-8.8535	2.9844'#399 TF
15.1157	-10.7579 2.858414.4746	-10.5543 2.95714.3373	-10.494	2.77213.7965	-9.6238	2.845313.6132	-9.4364	2.84613.1675	-8.864	2.640612.2106	-7.5396	2.626512.189	-5.9969	2.679314.8183	-10.2649 3.243714.0982	-9.1956	3.370113.477	-8.9628	3.335514.0416	-8.2585	3.680513.2102	-8.1671	3.960112.7972	-8.2956	3.405413.0033	-7.5271	3.380613.3563	-7.288	4.135713.2917	-6.6117	3.531512.6441	-6.8471	3.559214.8298	-10.2611 2.895714.7812	-10.0928 2.755614.3389	-8.8292	2.728714.1534	-8.169	2.757113.6342	-7.0787	3.017513.4911	-6.9391	3.187213.6127	-6.8167	3.012513.3308	-6.1137	3.046113.4036	-5.9061	2.768212.954	-5.8726	2.734714.1938	-8.5472	3.0596'#519TF
15.214	-10.9619 2.768114.5659	-10.7293 2.892314.4888	-10.684	2.709613.9469	-9.8573	2.789313.6041	-9.5074	2.800213.2274	-9.052	2.632612.1659	-7.5967	2.656612.2263	-6.0555	2.727714.8359	-10.4312 3.179714.14	-9.3916	3.341113.5414	-9.1281	3.312614.0654	-8.4775	3.691113.1577	-8.3161	3.932312.8319	-8.4498	3.34612.8916	-7.6622	3.445713.3548	-7.3807	4.160313.2769	-6.6952	3.59912.7658	-6.8927	3.675514.9421	-10.4786 2.86914.9022	-10.306	2.720314.4372	-9.054	2.779614.1622	-8.2601	2.780913.6505	-7.2366	3.053113.5021	-7.0598	3.234613.6207	-6.9681	3.082513.3499	-6.2256	3.108213.4282	-6.0048	2.838312.917	-5.9443	2.814214.2587	-8.7681	3.0896'#601TF
13.6058	-9.6386	2.761512.9817	-9.4382	2.879812.8909	-9.3939	2.682812.3294	-8.5406	2.747912.2406	-8.4325	2.74411.6825	-7.7715	2.582410.6823	-6.2461	2.564210.8508	-4.6943	2.713313.2668	-9.1475	3.157112.5205	-8.1103	3.323511.8655	-7.8651	3.186712.5272	-7.2779	3.618711.562	-7.0561	3.91411.2484	-7.1492	3.312311.3745	-6.4017	3.386211.8071	-6.0581	4.101811.8363	-5.4233	3.57211.2293	-5.6106	3.601913.327	-9.1274	2.843413.2809	-8.9709	2.708112.8669	-7.7722	2.719412.6638	-7.034	2.767412.1498	-5.9621	3.07812.025	-5.7906	3.23312.1562	-5.6491	3.083111.959	-4.9237	3.120612.0206	-4.7308	2.849211.5626	-4.6237	2.817512.7233	-7.5497	3.0515'#193TF
13.5567	-9.6215	2.768912.9295	-9.4403	2.881112.813	-9.3726	2.673112.3255	-8.5076	2.747512.1451	-8.297	2.746111.6953	-7.688	2.572210.7811	-6.24	2.579310.8584	-4.7417	2.713313.2068	-9.1002	3.136612.543	-8.0171	3.288711.9768	-7.8128	3.232212.5678	-7.2153	3.58111.6749	-7.0068	3.866811.3233	-7.0804	3.305511.5367	-6.4014	3.337211.8998	-6.1175	4.074411.8928	-5.4277	3.516911.3815	-5.6347	3.600613.2903	-9.137	2.837113.2619	-9.0093	2.688712.8758	-7.724	2.697412.6703	-6.9859	2.715312.1932	-5.8926	3.043212.0828	-5.7781	3.183812.2054	-5.6267	3.028112.0037	-4.9348	3.060812.047	-4.7087	2.813111.5738	-4.6289	2.773212.7181	-7.4359	3.0136'#288TF
13.3919	-9.8628	2.818612.7847	-9.6097	2.904412.6762	-9.5426	2.715812.2189	-8.6367	2.809711.9724	-8.3207	2.829611.5408	-7.6936	2.639310.6824	-6.2402	2.660210.758	-4.7235	2.783613.1238	-9.3494	3.181112.5001	-8.1444	3.370911.8944	-7.8701	3.363812.5632	-7.2815	3.702711.6018	-7.035	4.04611.2486	-7.1042	3.498211.4416	-6.3374	3.476511.8778	-6.0793	4.210111.8395	-5.4228	3.617711.3423	-5.6565	3.723813.2055	-9.3363	2.876613.1577	-9.1518	2.715712.8069	-7.8604	2.745312.6536	-7.07	2.784612.1577	-5.9083	3.104612.0339	-5.7748	3.252312.1733	-5.6596	3.121311.95	-4.9603	3.149812.0078	-4.7405	2.89311.5434	-4.6064	2.885112.6836	-7.5331	3.0769'#181TF
15.3055	-6.4854	2.790714.6193	-6.3745	2.904414.4885	-6.3602	2.719713.8467	-5.587	2.832313.6003	-5.3885	2.820513.1199	-4.9548	2.646711.9117	-3.659	2.646411.773	-2.2505	2.7414.8759	-6.0142	3.189414.0524	-5.1289	3.345113.4922	-4.9902	3.341613.9488	-4.3088	3.619912.9977	-4.2476	3.941412.7014	-4.4356	3.366812.7019	-3.6392	3.443513.0515	-3.3241	4.10712.9075	-2.6801	3.552912.4208	-3.0028	3.650514.9159	-6.0251	2.865514.8742	-5.8976	2.713514.2545	-4.7722	2.731113.9525	-4.1094	2.742313.3203	-3.1719	3.05213.1617	-3.0289	3.216913.2502	-2.8821	3.054712.9077	-2.2361	3.049812.9616	-2.0407	2.788312.4946	-2.0129	2.786114.1072	-4.5435	3.0547'#448TF
15.3229	-6.6513	2.7452
14.672	-6.5511	2.866914.5708	-6.4926	2.66613.874	-5.7062	2.751913.7506	-5.5994	2.751513.0394	-5.0307	2.631511.9254	-3.7137	2.634511.8085	-2.2376	2.761914.8638	-6.213	3.123514.0656	-5.2185	3.250513.4096	-5.0824	3.232513.8995	-4.414	3.556612.9265	-4.3392	3.883512.6622	-4.5177	3.28512.6381	-3.6635	3.439113.0025	-3.3944	4.134812.9535	-2.7649	3.536912.4333	-3.1064	3.657614.9638	-6.1847	2.824314.884	-6.0228	2.67614.2885	-4.8652	2.701413.9513	-4.1601	2.733313.308	-3.1757	3.029613.1675	-3.0795	3.190213.2651	-2.9008	3.008612.916	-2.2464	3.064512.9268	-1.996	2.811412.3454	-2.0727	2.79514.0596	-4.5427	3.0297'#285TF
15.3068	-6.5975	2.785714.6882	-6.4813	2.904314.5661	-6.4554	2.695513.8382	-5.6544	2.768213.6834	-5.5296	2.757213.0551	-4.9705	2.590211.8564	-3.6778	2.570111.633	-2.1853	2.654914.8908	-6.1405	3.17113.9821	-5.164	3.343813.2668	-5.0316	3.202113.8556	-4.375	3.612612.8311	-4.2809	3.883512.5272	-4.4833	3.314712.5453	-3.6188	3.386512.9048	-3.2639	4.094412.8075	-2.6518	3.539512.3173	-3.0021	3.574214.9436	-6.1183	2.856814.8556	-5.9671	2.709214.1954	-4.7936	2.727713.912	-4.1644	2.743913.2346	-3.1129	3.029213.0752	-2.977	3.181913.1935	-2.8645	3.020612.823	-2.2191	3.05912.8665	-1.9485	2.803212.3999	-1.9619	2.773314.0485	-4.5981	3.0474'#217TF
15.5299	-6.3147	2.754414.8478	-6.2651	2.867114.7592	-6.2608	2.672813.971	-5.5317	2.755513.8216	-5.4448	2.7513.025	-4.9012	2.595311.8175	-3.664	2.641211.6394	-2.13	2.747615.0594	-5.9288	3.097314.0431	-4.9991	3.2913.4283	-4.9775	3.221713.8966	-4.2522	3.587112.8723	-4.2409	3.900612.6399	-4.4663	3.390512.4233	-3.6471	3.428412.9502	-3.3224	4.118612.8133	-2.6914	3.561612.2498	-3.0026	3.636815.1098	-5.8605	2.825815.0139	-5.7593	2.676314.2659	-4.683	2.703513.8802	-4.0407	2.726913.1618	-3.1344	3.061513.0325	-3.0171	3.205313.1182	-2.8765	3.061212.8082	-2.1862	3.074712.8407	-1.9841	2.824812.3557	-1.9286	2.81814.0579	-4.4594	3.0272'#61TM
14.9736	-10.9413 2.83114.2896	-10.7105 2.882814.2163	-10.676	2.65913.4721	-9.7043	2.768613.4721	-9.7043	2.768612.922	-8.9786	2.521512.0116	-7.4473	2.506912.1047	-5.9493	2.676714.5848	-10.4264 3.210213.842	-9.3931	3.338913.1902	-9.1132	3.273513.7868	-8.4691	3.689612.7746	-8.2557	3.928112.5036	-8.417	3.293112.667	-7.4747	3.386312.9926	-7.373	4.165913.0566	-6.5957	3.584812.535	-6.7602	3.595914.7322	-10.4069 2.916814.6661	-10.2642 2.732414.1684	-9.0263	2.777113.9596	-8.2944	2.812313.4452	-7.1387	3.103813.3114	-6.9493	3.276613.4424	-6.8409	3.156813.2152	-6.1267	3.16513.3293	-5.9246	2.934312.8705	-5.8285	2.836213.997	-8.7538	3.0974'#47TM
15.1565	-11.0798 2.825714.4642	-10.9183 2.903714.3875	-10.8332 2.68813.7571	-9.8853	2.798413.5923	-9.7086	2.804413.0422	-9.0105	2.639112.0014	-7.5193	2.572212.0353	-5.9372	2.684714.7182	-10.5419 3.214313.9674	-9.4448	3.395613.2539	-9.1362	3.285813.9267	-8.5081	3.729412.8602	-8.3456	3.990212.6146	-8.5133	3.298912.7207	-7.5124	3.454213.0466	-7.3571	4.279413.1188	-6.6089	3.630712.5513	-6.8332	3.686614.8294	-10.5537 2.892814.7879	-10.4321 2.743914.3057	-9.0604	2.823214.0837	-8.3454	2.841113.5104	-7.1609	3.13513.3395	-6.9859	3.283313.4922	-6.8876	3.149813.1953	-6.1685	3.149413.3099	-5.9483	2.90312.8107	-5.8365	2.835614.0958	-8.7698	3.1677'#117TM
15.2297	-11.0181 2.817114.5296	-10.8202 2.908614.3832	-10.7878 2.683513.7538	-9.8503	2.78113.5963	-9.7058	2.787912.9848	-9.0104	2.552411.9714	-7.5168	2.55812.0709	-5.9279	2.698214.8127	-10.4998 3.241413.955	-9.4384	3.392413.1351	-9.1482	3.27413.8937	-8.5568	3.779312.7481	-8.3519	3.962712.5132	-8.5212	3.340312.7208	-7.5862	3.423612.9923	-7.4089	4.271313.1327	-6.7474	3.702312.5927	-7.0075	3.710814.9227	-10.5072 2.905314.882	-10.3672 2.75914.3436	-9.0925	2.779614.0792	-8.3301	2.865613.4521	-7.2261	3.161813.3166	-7.0515	3.323413.4559	-6.9164	3.182113.1771	-6.188	3.214513.3238	-5.9771	2.970412.8509	-5.8704	2.884914.1134	-8.8223	3.1728'#98TM
15.2852	-11.0089 2.903214.5822	-10.8821 2.933114.4773	-10.8284 2.700313.8031	-9.9797	2.776113.6888	-9.8789	2.763413.0428	-9.1397	2.526211.9278	-7.5811	2.470512.0631	-5.9628	2.711414.8044	-10.5587 3.309513.8866	-9.4735	3.424213.1423	-9.225	3.211113.7511	-8.6735	3.736812.6346	-8.4261	3.91412.442	-8.5424	3.264112.67	-7.7477	3.323212.8002	-7.4618	4.222412.9973	-6.7352	3.704412.4294	-6.9893	3.619214.863	-10.5481 2.973214.8029	-10.3544 2.819414.2619	-9.114	2.841614.0135	-8.4192	2.880513.4009	-7.2139	3.164413.2167	-7.0528	3.327213.4058	-6.9203	3.205413.1242	-6.2011	3.24813.2492	-5.894	3.020612.7876	-5.837	2.928313.9924	-8.8152	3.2437'#23TM
15.2266	-10.9586 2.807514.5604	-10.7934 2.890714.4837	-10.7486 2.680613.7039	-9.8012	2.831213.6524	-9.7785	2.846512.9504	-8.9442	2.620711.969	-7.461	2.617212.1113	-5.8517	2.772214.8028	-10.4262 3.240414.021	-9.4628	3.413.3022	-9.188	3.355913.8494	-8.5834	3.8112.9088	-8.3715	4.064512.5559	-8.4767	3.435412.6586	-7.5859	3.518713.0708	-7.4131	4.263113.1687	-6.6518	3.695412.5639	-6.913	3.751914.8995	-10.4374 2.927614.8477	-10.2912 2.76914.3303	-9.0779	2.84214.0665	-8.3223	2.892413.4827	-7.1855	3.205413.3539	-7.0014	3.353513.4882	-6.9105	3.230113.271	-6.1887	3.209113.3637	-5.913	2.996712.8804	-5.7909	2.917914.1219	-8.7889	3.1763'#99TM
15.151	-11.038	2.956614.4722	-10.833	3.014614.3673	-10.7949 2.80713.7679	-9.844	2.896813.6973	-9.7422	2.865113.0434	-8.9872	2.648512.0226	-7.5876	2.553412.1282	-5.9472	2.655914.7734	-10.5213 3.364813.9497	-9.3674	3.495913.2597	-9.1196	3.37713.9289	-8.5139	3.789312.8308	-8.2415	4.014612.5539	-8.3661	3.437812.8816	-7.7091	3.354713.0234	-7.3016	4.231113.1032	-6.5855	3.601312.5722	-6.8378	3.587414.865	-10.5132 3.035514.7989	-10.3629 2.852214.3125	-9.02	2.875114.1091	-8.294	2.874613.5073	-7.1106	3.122513.348	-6.9233	3.287613.503	-6.8212	3.145813.2412	-6.1181	3.123613.3587	-5.8931	2.877512.851	-5.8309	2.808614.1417	-8.7525	3.2224'#11TM
15.2457	-10.8581 2.751714.6037	-10.7219 2.830514.4725	-10.6555 2.604713.8704	-9.7802	2.727313.6757	-9.5835	2.709213.079	-8.9586	2.564611.9776	-7.5046	2.57512.0256	-6	2.756214.823	-10.3891 3.117914.0244	-9.3189	3.283513.2979	-9.0937	3.183713.9383	-8.4632	3.637612.962	-8.3613	3.914812.6788	-8.5315	3.24912.705	-7.6431	3.409513.0523	-7.4533	4.182813.0805	-6.7073	3.638412.4948	-6.9665	3.656914.9193	-10.3775 2.844314.8709	-10.2515 2.700314.3062	-8.9623	2.765214.0646	-8.2869	2.811613.4588	-7.1892	3.140713.2912	-6.9914	3.322313.4371	-6.9036	3.1513.1723	-6.1898	3.186913.2551	-5.9614	2.948712.7649	-5.8881	2.876414.12	-8.6714	3.1022'#82TM
15.4187	-10.7902 2.848914.7014	-10.6357 2.963214.5857	-10.5707 2.739513.8481	-9.6632	2.809613.7608	-9.5787	2.804713.0768	-8.8867	2.623612.0981	-7.2453	2.632212.2078	-5.6614	2.770915.0419	-10.2697 3.285414.1157	-9.2081	3.429913.3521	-9.0147	3.271714.0293	-8.3674	3.704812.9941	-8.1802	4.047512.6823	-8.2921	3.485612.7913	-7.4004	3.480813.242	-7.2294	4.24113.2563	-6.4996	3.651612.5944	-6.6785	3.690715.0673	-10.2829 2.919615.0382	-10.1638 2.7914.4214	-8.9125	2.795314.1856	-8.1679	2.812113.5569	-7.0575	3.117313.4293	-6.8546	3.265913.5439	-6.7261	3.136413.379	-5.9639	3.146113.4747	-5.7874	2.874812.9818	-5.6422	2.870814.2229	-8.6049	3.119'#28TM
15.0917	-11.1368 2.909414.3767	-10.9238 2.987114.3078	-10.8513 2.744213.7014	-9.8844	2.871513.531	-9.6764	2.833712.9404	-8.9347	2.620411.9507	-7.3765	2.610711.9803	-5.7355	2.771714.662	-10.5813 3.314213.874	-9.3962	3.486413.2478	-9.1212	3.422313.8338	-8.4916	3.812312.8564	-8.2813	4.08912.5261	-8.4573	3.405312.674	-7.614	3.499213.0052	-7.3205	4.364812.9897	-6.5203	3.778812.3957	-6.7545	3.765414.8027	-10.6227 2.984414.7751	-10.4675 2.828714.2742	-9.0894	2.867514.0604	-8.2819	2.907413.4324	-7.0901	3.24413.2462	-6.8997	3.40213.393	-6.7707	3.263613.1608	-5.9681	3.306913.2649	-5.7664	3.051512.7524	-5.6637	2.953414.066	-8.7558	3.2298'#81TM
15.1859	-11.0694 2.973614.4339	-10.8915 3.015214.3355	-10.8166 2.775413.6938	-9.8107	2.894513.582	-9.6961	2.898412.9769	-8.9574	2.661911.8601	-7.2672	2.644612.0542	-5.7027	2.870514.7805	-10.5281 3.429913.9448	-9.4133	3.575613.1764	-9.133	3.36613.8412	-8.5079	3.938312.7289	-8.2761	4.16612.4989	-8.4088	3.526612.6696	-7.456	3.559112.9864	-7.2562	4.427713.0681	-6.494	3.813512.4971	-6.7102	3.820914.8465	-10.5316 3.042114.8087	-10.3537 2.908614.3616	-9.0626	2.965114.1217	-8.2488	2.982713.4401	-7.0322	3.296513.3124	-6.8882	3.451413.4665	-6.7825	3.305913.1905	-6.009	3.350613.3142	-5.7572	3.111212.8146	-5.6679	3.034614.1042	-8.6697	3.3035'#128TM
15.2946	-10.8874 2.863414.5822	-10.7111 2.934114.4897	-10.6356 2.722513.8642	-9.7759	2.789113.6904	-9.6073	2.787113.091	-8.9592	2.590912.0459	-7.4559	2.554212.0824	-5.8471	2.726414.8867	-10.3702 3.272513.9669	-9.2819	3.445513.2922	-9.0805	3.277413.9079	-8.4834	3.768612.8806	-8.3263	4.017612.6185	-8.4108	3.320212.7078	-7.5091	3.422913.0004	-7.3423	4.299213.1312	-6.5455	3.615312.5124	-6.7664	3.651214.9849	-10.3664 2.928114.9352	-10.2073 2.804914.3924	-8.9582	2.812314.1178	-8.2484	2.849213.506	-7.0877	3.144613.3526	-6.9046	3.271713.5005	-6.768	3.138613.226	-6.0305	3.195513.3241	-5.7959	2.938412.8561	-5.7077	2.899714.2115	-8.7549	3.1581'#48TM
15.1951	-11.0654 2.855414.4574	-10.8386 2.935414.3605	-10.7958 2.7213.7905	-9.891	2.797913.5778	-9.6743	2.808713.0305	-8.965	2.580812.0161	-7.3313	2.584912.0199	-5.721	2.762114.7764	-10.4803 3.309813.9365	-9.3121	3.450413.2904	-9.1162	3.350113.8906	-8.5027	3.788412.8444	-8.2436	4.069612.578	-8.3773	3.380112.6634	-7.4985	3.431313.0449	-7.2675	4.285913.0592	-6.4865	3.720112.4621	-6.7686	3.666814.8511	-10.5517 2.967714.8157	-10.3931 2.821414.3043	-9.0058	2.84614.0612	-8.2103	2.872713.4579	-7.0426	3.192913.2875	-6.8561	3.339613.4206	-6.7338	3.246513.2013	-5.9747	3.255813.3209	-5.7255	3.013712.8068	-5.6481	2.918314.099	-8.7464	3.1907'#91TM		15.0633	-10.9953 2.777114.4172	-10.7655 2.885214.2535	-10.6893 2.653113.7006	-9.7496	2.771213.4992	-9.5191	2.7612.9532	-8.8375	2.597412.0705	-7.4075	2.566312.2457	-5.7766	2.717914.7289	-10.4613 3.214713.9284	-9.3326	3.373213.2987	-9.1071	3.319813.9425	-8.456	3.700912.8937	-8.2273	3.930312.5825	-8.3059	3.362912.7733	-7.4563	3.445413.0986	-7.3596	4.218513.2183	-6.6563	3.611312.6729	-6.9529	3.624914.7887	-10.4346 2.883614.7495	-10.2834 2.756514.32	-8.9866	2.792714.1202	-8.2839	2.810913.5672	-7.172	3.10813.4188	-7.0101	3.251713.5734	-6.8757	3.1313.3839	-6.1615	3.137213.4501	-5.9528	2.913213.005	-5.8428	2.845814.0969	-8.7164	3.164'#12TM
15.1735	-10.9798 2.802514.4609	-10.8035 2.872614.3855	-10.76	2.678713.7579	-9.7995	2.80913.6146	-9.6367	2.815613.0023	-8.9431	2.649311.9838	-7.5339	2.621712.0413	-5.9396	2.797914.8668	-10.5282 3.271214.0178	-9.3472	3.435313.3446	-9.0978	3.395413.9559	-8.4585	3.817212.9627	-8.3349	4.099612.626	-8.4045	3.432112.7909	-7.5591	3.503613.1508	-7.2764	4.3413.0874	-6.6093	3.678212.5962	-6.8378	3.745114.8768	-10.4987 2.913814.8079	-10.2754 2.766714.3491	-8.9849	2.836614.1245	-8.2258	2.874813.4827	-7.1153	3.164413.3341	-6.97	3.31613.4938	-6.8418	3.1713.2071	-6.1707	3.211813.277	-5.9063	2.947112.8102	-5.8224	2.900314.1153	-8.6324	3.2174'#59TM
15.1831	-10.9622 2.790514.4857	-10.7606 2.880314.3821	-10.6645 2.672413.771	-9.7397	2.75713.679	-9.6348	2.752613.1529	-8.9887	2.550312.0589	-7.4295	2.540212.0604	-5.7917	2.694614.7523	-10.4399 3.1721
13.993	-9.2997	3.324913.3814	-9.0713	3.267213.902	-8.4612	3.699612.8712	-8.2446	3.893312.6196	-8.3771	3.276112.8201	-7.433	3.380813.0144	-7.3316	4.215213.141	-6.5407	3.616212.5854	-6.7605	3.604314.8357	-10.4233 2.873414.8207	-10.3088 2.72614.3431	-8.9919	2.751714.1415	-8.2527	2.782413.501	-7.0518	3.117313.3801	-6.8966	3.261313.4999	-6.7705	3.122113.2562	-6.0582	3.130213.3554	-5.8229	2.87112.8283	-5.7365	2.831514.1543	-8.7074	3.1103
[wireframe]
1 2
2 3
3 4
4 5
5 6
3 6
6 7
7 8
8 18
8 28
8 15
8 17
13 16
17 28
12 13
10 12
9 10
1 9
9 19
19 20
1 20
20 21
21 22
22 29
21 29
22 27
26 27
25 26
24 25
23 24
23 25
22 23
6 14
7 14
11 14
11 13
14 15
15 18
16 17
18 28


