[individuals]
10
[landmarks]
29
[Dimensions]
3
[names] 
1058UF
1058UF2
1058UF3
1058UF4
1058UF5
1058UF6
1058UF7
1058UF8
1058UF9
1058UF10
[rawpoints]
'#1058UF
16.8083	-5.3136	2.7811
16.1464	-5.352	2.9059
16.0645	-5.3096	2.6533
15.2255	-4.766	2.8022
15.0911	-4.7109	2.8123
14.3389	-4.3078	2.6143
13.0289	-3.2383	2.5981
12.6629	-1.7825	2.665
16.3284	-4.9565	3.178
15.379	-4.2952	3.3161
14.6676	-4.2627	3.2506
15.0737	-3.4858	3.598
14.1136	-3.5156	3.9271
13.8579	-3.8098	3.3017
13.7096	-3.0449	3.3972
14.0566	-2.605	4.0636
13.8617	-2.0797	3.5323
13.4033	-2.4445	3.5774
16.4034	-4.9517	2.8603
16.3134	-4.817	2.7053
15.5061	-3.8992	2.7068
15.0475	-3.2893	2.727
14.3134	-2.4987	2.9831
14.1361	-2.3667	3.1484
14.2356	-2.2266	2.9929
13.7842	-1.6228	2.9742
13.8101	-1.3728	2.7403
13.3323	-1.4194	2.6922
15.3405	-3.7449	3.0766
'#1058UF2
16.8064	-5.3187	2.776
16.1469	-5.3608	2.8997
16.0522	-5.3107	2.6405
15.224	-4.7736	2.8168
15.0813	-4.7137	2.8272
14.3271	-4.3104	2.6169
13.0242	-3.2539	2.5966
12.669	-1.7937	2.651
16.3179	-4.9685	3.1853
15.3772	-4.3015	3.3167
14.6555	-4.2688	3.24
15.0801	-3.4857	3.5974
14.1149	-3.5308	3.9262
13.8505	-3.8127	3.3027
13.7139	-3.0524	3.3855
14.0555	-2.6029	4.0698
13.8411	-2.081	3.5044
13.3966	-2.4497	3.5771
16.41	-4.9527	2.8641
16.305	-4.8155	2.7057
15.5148	-3.8989	2.7104
15.0497	-3.2948	2.7327
14.2973	-2.4966	2.9805
14.1421	-2.3748	3.148
14.2392	-2.2108	2.9846
13.7821	-1.6261	2.9797
13.8023	-1.3805	2.7455
13.3238	-1.4312	2.6958
15.3375	-3.7479	3.0782
'#1058UF3
16.8082	-5.3203	2.7738
16.1384	-5.3597	2.9065
16.0528	-5.308	2.642
15.2237	-4.7673	2.7996
15.0878	-4.7078	2.8078
14.3389	-4.3145	2.6156
13.0232	-3.2419	2.5867
12.6549	-1.7923	2.6489
16.3326	-4.9612	3.1823
15.3755	-4.3004	3.3188
14.6536	-4.2643	3.245
15.0685	-3.4851	3.6016
14.117	-3.5207	3.9405
13.8507	-3.8033	3.3009
13.7093	-3.0466	3.3899
14.0515	-2.6082	4.0711
13.8266	-2.067	3.4745
13.4063	-2.441	3.5801
16.4104	-4.9488	2.8754
16.3095	-4.8263	2.7104
15.507	-3.9028	2.7193
15.0506	-3.2962	2.7239
14.3028	-2.4921	2.9706
14.1418	-2.3657	3.1597
14.2295	-2.2118	2.9839
13.7799	-1.6249	2.9701
13.8038	-1.3841	2.737
13.3325	-1.4396	2.6849
15.3373	-3.7485	3.0855
'#1058UF4
16.802	-5.3206	2.7894
16.1383	-5.361	2.9046
16.0739	-5.3182	2.6655
15.217	-4.7749	2.8095
15.086	-4.7193	2.8227
14.3487	-4.3308	2.6232
13.0229	-3.2447	2.5968
12.6563	-1.7864	2.6649
16.3229	-4.9675	3.1846
15.3773	-4.2942	3.3119
14.664	-4.2554	3.2616
15.0744	-3.4872	3.6041
14.115	-3.5299	3.919
13.8522	-3.8243	3.3038
13.7039	-3.0479	3.3835
14.0589	-2.6111	4.0741
13.8258	-2.0738	3.49
13.4058	-2.4609	3.587
16.413	-4.9534	2.8783
16.3239	-4.8236	2.7165
15.5018	-3.8995	2.7175
15.0436	-3.2932	2.723
14.3073	-2.5044	2.9838
14.1508	-2.3723	3.159
14.2367	-2.216	2.9868
13.7735	-1.6154	2.9673
13.7996	-1.3818	2.7389
13.32	-1.4379	2.6835
15.3334	-3.7488	3.0877
'#1058UF5
16.8058	-5.3229	2.7815
16.1362	-5.3635	2.9029
16.0704	-5.3225	2.6669
15.219	-4.7841	2.8225
15.0786	-4.7115	2.8318
14.3522	-4.3323	2.6323
13.0231	-3.2351	2.5984
12.6501	-1.7971	2.6581
16.3297	-4.9644	3.1851
15.3896	-4.2866	3.3249
14.6619	-4.2585	3.2634
15.0717	-3.4851	3.5963
14.1147	-3.5178	3.9306
13.853	-3.8099	3.3026
13.6998	-3.0431	3.3856
14.0646	-2.6149	4.0651
13.8363	-2.0753	3.4963
13.4025	-2.4464	3.5818
16.4075	-4.9458	2.8712
16.3093	-4.8236	2.7093
15.5074	-3.8998	2.7114
15.0484	-3.2941	2.7264
14.3002	-2.496	2.9818
14.1381	-2.3661	3.1541
14.2454	-2.2146	2.9978
13.7736	-1.6263	2.9746
13.7934	-1.385	2.737
13.3189	-1.4389	2.6918
15.3348	-3.751	3.0946
'#1058UF6
16.8055	-5.3272	2.7846
16.1343	-5.3537	2.9057
16.058	-5.3182	2.6552
15.214	-4.7847	2.8291
15.081	-4.7171	2.82
14.3628	-4.3243	2.628
13.0238	-3.2432	2.6012
12.6608	-1.7937	2.6674
16.3152	-4.962	3.1854
15.3767	-4.2949	3.3191
14.6474	-4.2704	3.2383
15.075	-3.486	3.602
14.1071	-3.5268	3.9159
13.8537	-3.8047	3.3068
13.7	-3.0442	3.3769
14.0555	-2.6126	4.0733
13.8412	-2.0783	3.493
13.402	-2.4541	3.5776
16.4098	-4.9456	2.875
16.311	-4.825	2.7127
15.4983	-3.8935	2.7155
15.0484	-3.2949	2.7307
14.2975	-2.5	2.9829
14.1587	-2.3803	3.158
14.256	-2.2269	2.992
13.7767	-1.6231	2.9769
13.8085	-1.385	2.7399
13.324	-1.4456	2.6982
15.3341	-3.7527	3.0877
'#1058UF7
16.8038	-5.3211	2.7916
16.12	-5.3581	2.8902
16.0467	-5.3382	2.6507
15.2142	-4.7723	2.811
15.083	-4.715	2.8379
14.3821	-4.3347	2.633
13.0201	-3.242	2.5949
12.6576	-1.7887	2.6569
16.326	-4.9554	3.176
15.3771	-4.2975	3.3228
14.6636	-4.2681	3.2545
15.0714	-3.489	3.5981
14.1036	-3.5174	3.9272
13.8554	-3.8145	3.3031
13.7028	-3.0401	3.3868
14.0478	-2.606	4.0669
13.8611	-2.0819	3.5186
13.4041	-2.456	3.5873
16.4087	-4.9551	2.8791
16.3055	-4.8276	2.7133
15.502	-3.9039	2.7153
15.046	-3.2926	2.7286
14.3069	-2.5038	2.9819
14.148	-2.3708	3.1697
14.2432	-2.2214	2.9905
13.7786	-1.621	2.9727
13.7986	-1.3888	2.7373
13.3279	-1.4357	2.6997
15.3343	-3.752	3.0827
'#1058UF8
16.8109	-5.3219	2.7809
16.1316	-5.3606	2.8995
16.0472	-5.3488	2.6633
15.2164	-4.7831	2.8287
15.0918	-4.7158	2.8234
14.3625	-4.3404	2.6422
13.0241	-3.2474	2.5979
12.6548	-1.7799	2.6674
16.3148	-4.9597	3.1781
15.3769	-4.2909	3.3328
14.656	-4.2695	3.2383
15.0698	-3.4863	3.6008
14.11	-3.5185	3.931
13.8596	-3.8157	3.3115
13.7047	-3.0502	3.3831
14.0573	-2.6116	4.0637
13.8422	-2.0821	3.4997
13.3955	-2.4534	3.5843
16.3963	-4.9471	2.8598
16.3101	-4.8233	2.7113
15.5008	-3.8961	2.7133
15.0521	-3.3021	2.7295
14.3069	-2.5036	2.9806
14.1401	-2.3718	3.1584
14.2362	-2.2112	2.9773
13.7758	-1.6179	2.9722
13.8069	-1.3825	2.7361
13.3274	-1.4416	2.7005
15.3281	-3.7501	3.0834
'#1058UF9
16.8108	-5.3273	2.7904
16.1321	-5.3604	2.8924
16.0448	-5.3394	2.6511
15.208	-4.7629	2.8039
15.0824	-4.7127	2.8152
14.3725	-4.3466	2.6459
13.0215	-3.2416	2.5936
12.6618	-1.8006	2.657
16.3245	-4.9608	3.1849
15.3799	-4.2977	3.3211
14.6617	-4.2688	3.2532
15.073	-3.4823	3.5977
14.1055	-3.5217	3.9175
13.8525	-3.8099	3.3089
13.7086	-3.0518	3.3849
14.064	-2.5942	4.0619
13.8393	-2.0704	3.479
13.3991	-2.4465	3.5781
16.4081	-4.9572	2.8779
16.3043	-4.8301	2.712
15.5009	-3.8968	2.7032
15.0531	-3.3002	2.7296
14.2961	-2.4918	2.9763
14.1537	-2.3743	3.1586
14.2382	-2.2231	2.9834
13.7816	-1.631	2.9635
13.8147	-1.3827	2.7476
13.322	-1.4416	2.705
15.3258	-3.7338	3.0863
'#1058UF10
16.8036	-5.3208	2.7924
16.1218	-5.3536	2.895
16.0664	-5.341	2.6809
15.2133	-4.7716	2.8132
15.0793	-4.7022	2.8176
14.3686	-4.3489	2.6558
13.0213	-3.2427	2.6014
12.66	-1.782	2.6543
16.3238	-4.9547	3.1933
15.3759	-4.2905	3.3217
14.649	-4.2603	3.2458
15.0721	-3.4819	3.6017
14.1066	-3.5052	3.9321
13.8546	-3.817	3.3082
13.7077	-3.0375	3.3855
14.047	-2.6039	4.0694
13.8347	-2.0673	3.4706
13.4035	-2.4564	3.5848
16.4084	-4.9555	2.8821
16.308	-4.8221	2.7147
15.5006	-3.901	2.7139
15.0432	-3.2951	2.7258
14.2935	-2.4977	2.9833
14.1439	-2.3763	3.1548
14.2365	-2.2172	2.9847
13.776	-1.6217	2.9755
13.8057	-1.3807	2.7459
13.326	-1.4382	2.7047
15.3271	-3.7491	3.088