[individuals]
15
[landmarks]
29
[Dimensions]
3
[names]
567UF
1058UF
1024UF
568UF
537UF
222UF
216UF
556UF
555UF
573UF
1066UF
1007UF
1005UF
1008UF
1061UF 
[rawpoints]
'#567UF
14.8026	-7.4802	2.755314.19	-7.3329	2.900214.0566	-7.3078	2.709213.4815	-6.5234	2.832513.356	-6.4054	2.836212.7472	-5.7832	2.638611.7111	-4.5154	2.637511.65	-3.0204	2.688114.4513	-7.0324	3.152913.665	-6.0455	3.283913.0946	-5.8274	3.307913.6775	-5.1679	3.592212.7204	-5.0154	3.94112.3631	-5.275	3.371612.4756	-4.4706	3.408312.7703	-4.1856	4.110512.7219	-3.5104	3.522712.2551	-3.7866	3.613614.4917	-7.0021	2.844814.4406	-6.868	2.693413.9384	-5.6857	2.697613.6798	-5.0531	2.7113.0843	-4.0022	3.020412.934	-3.8489	3.170513.0777	-3.6828	3.050112.7562	-2.9766	2.996312.8584	-2.8625	2.740312.3857	-2.8031	2.715113.8037	-5.5183	3.026
'#1058UF
14.7694	-7.2827	2.766414.1059	-7.163	2.883514.0358	-7.1155	2.66413.3564	-6.3677	2.803813.2404	-6.2751	2.806212.62	-5.7467	2.641911.5749	-4.3714	2.601811.5434	-2.8926	2.671614.3737	-6.8313	3.172613.6136	-5.95	3.325212.93	-5.7485	3.261513.4976	-5.0943	3.596312.5445	-4.9156	3.914312.2394	-5.1325	3.304612.2671	-4.3598	3.401212.7019	-4.0257	4.074412.6058	-3.4227	3.507912.0927	-3.7101	3.595614.4413	-6.8151	2.839114.3869	-6.6658	2.696513.8313	-5.5795	2.712613.5217	-4.8907	2.739512.9687	-3.9417	3.003612.8397	-3.7855	3.169912.9713	-3.649	3.009712.6685	-2.9732	3.003312.7512	-2.7577	2.786112.2667	-2.7061	2.744813.6867	-5.4083	3.0877'#1024UF
14.6157	-7.5935	2.789713.9886	-7.4388	2.899713.8928	-7.41	2.669413.2813	-6.543	2.754913.0365	-6.2724	2.744812.5446	-5.7427	2.632711.5393	-4.3592	2.57211.4897	-2.8032	2.677614.2339	-7.1183	3.158213.4587	-6.1321	3.239812.8488	-5.8463	3.289913.421	-5.2193	3.593812.4235	-5.032	3.926412.1322	-5.2124	3.358812.2344	-4.4091	3.408212.5625	-4.1057	4.099612.5383	-3.5185	3.610312.0613	-3.728	3.62814.3298	-7.1152	2.853714.2598	-6.9528	2.702813.7637	-5.7102	2.772613.5231	-4.9742	2.793812.8964	-3.9283	3.078912.7446	-3.7953	3.248512.9041	-3.6651	3.108112.6067	-2.9559	3.117812.6801	-2.7741	2.876912.1711	-2.6729	2.798913.5819	-5.532	3.0913'#568UF
14.6171	-7.4859	2.781213.9976	-7.2889	2.910813.8806	-7.2727	2.701413.2683	-6.4311	2.823813.2251	-6.3852	2.828412.5823	-5.6826	2.631611.5865	-4.3447	2.593611.5841	-2.804	2.661814.2654	-6.98	3.175913.5397	-5.9367	3.349812.8924	-5.7072	3.330213.5524	-5.0867	3.610112.5478	-4.8843	3.927112.2062	-5.1352	3.385512.319	-4.2778	3.395412.6782	-3.9871	4.06912.6149	-3.4115	3.498912.1113	-3.6797	3.56814.3556	-6.9943	2.852114.3007	-6.8167	2.697413.7762	-5.5823	2.708913.5517	-4.9373	2.736612.9263	-3.8345	2.989112.7806	-3.703	3.148412.9257	-3.5793	3.023812.6102	-2.8994	3.012612.721	-2.7678	2.775212.2544	-2.6839	2.734913.6418	-5.344	3.0581'#537UF
16.4043	-9.6031	2.797615.731	-9.5652	2.910615.6014	-9.505	2.674214.918	-8.7968	2.79814.6849	-8.606	2.795914.0333	-8.0387	2.584212.9118	-6.7343	2.53112.714	-5.1341	2.657315.9619	-9.1924	3.205315.0548	-8.2887	3.319214.376	-8.0752	3.319114.8853	-7.405	3.662813.838	-7.3443	3.87713.5862	-7.5472	3.318113.5242	-6.7323	3.378613.845	-6.3955	4.073813.713	-5.7664	3.544113.23	-6.0314	3.552716.0526	-9.2088	2.905715.9766	-9.0478	2.740715.2462	-7.8485	2.776214.9617	-7.1606	2.818414.1721	-6.1953	3.071114.0311	-6.0735	3.200614.1159	-5.891	3.061813.7558	-5.2511	3.068313.8976	-5.0189	2.846213.4016	-4.9865	2.778215.1059	-7.6391	3.0961'#222UF
14.2784	-8.1409	2.780613.6504	-7.9948	2.869213.5479	-7.9567	2.667312.9831	-7.1823	2.739812.7601	-6.9724	2.726912.3133	-6.4391	2.563111.338	-4.9755	2.519211.3484	-3.545	2.635213.8664	-7.6904	3.138913.141	-6.7597	3.265412.5616	-6.4916	3.262513.0978	-5.9661	3.659212.1291	-5.7536	3.881611.8552	-5.8746	3.272311.956	-5.0016	3.352512.2393	-4.8841	4.110912.2896	-4.2371	3.5711.7294	-4.4628	3.548213.9572	-7.6425	2.842513.8815	-7.5133	2.704413.3957	-6.3558	2.737313.1754	-5.6783	2.761512.6355	-4.7106	3.040712.4871	-4.5557	3.195412.6189	-4.4317	3.077112.3778	-3.7042	3.05212.4864	-3.5047	2.848912.0518	-3.4294	2.771313.274	-6.1586	3.0712'#216UF
14.2321	-8.1	2.767913.6138	-7.9713	2.85413.5208	-7.931	2.64312.9397	-7.1574	2.706112.7032	-6.9495	2.700712.2887	-6.481	2.520511.344	-4.937	2.555711.363	-3.5255	2.694113.8267	-7.631	3.087113.1205	-6.72	3.251712.5031	-6.4861	3.190513.0871	-5.9085	3.56512.1933	-5.7046	3.824611.8818	-5.8441	3.182711.9533	-5.0705	3.316812.2627	-4.8563	4.06612.339	-4.2137	3.534411.8174	-4.4197	3.572413.9317	-7.6308	2.813513.8821	-7.5361	2.677813.3904	-6.411	2.684413.1376	-5.6074	2.717212.6642	-4.6844	3.010212.5156	-4.5161	3.172712.6638	-4.3939	3.057412.4456	-3.7049	3.064412.5485	-3.4922	2.843512.0817	-3.4164	2.775613.2242	-6.0869	3.0134'#556UF
14.3515	-8.5403	2.815213.7325	-8.3246	2.948313.6013	-8.2878	2.726512.9076	-7.3059	2.808512.8922	-7.2895	2.808512.3102	-6.5818	2.630811.2349	-5.0779	2.611411.1365	-3.5025	2.724213.9883	-7.986	3.219813.1959	-6.8861	3.369712.5639	-6.6583	3.321613.1735	-6.0107	3.686312.1726	-5.8364	3.954711.8524	-5.9512	3.405111.9092	-5.1581	3.415812.3332	-4.8678	4.177412.3104	-4.2316	3.616311.6743	-4.5541	3.624114.0933	-7.9726	2.903614.0522	-7.8232	2.745213.5447	-6.5395	2.744213.3078	-5.8191	2.784512.619	-4.6714	3.068812.4693	-4.5296	3.235812.6429	-4.3853	3.111512.3333	-3.6558	3.143512.4757	-3.4386	2.905511.9614	-3.3128	2.856113.3783	-6.3323	3.0905'#555UF
14.0878	-8.2548	2.763113.4835	-8.0311	2.87813.41	-7.9962	2.66712.8149	-7.1472	2.749912.6267	-6.9678	2.763712.0779	-6.3698	2.612211.216	-4.8658	2.573711.3824	-3.3498	2.666713.7486	-7.7706	3.125213.0331	-6.7235	3.251812.4626	-6.4292	3.306813.0577	-5.8505	3.603412.1398	-5.634	3.931411.746	-5.7813	3.31411.9075	-4.9387	3.374112.3275	-4.7835	4.094312.3784	-4.1694	3.578911.8661	-4.2921	3.588813.8482	-7.7586	2.830613.7806	-7.5981	2.675513.3259	-6.357	2.713.132	-5.704	2.719112.6461	-4.6237	3.031112.5375	-4.4752	3.204312.6873	-4.3512	3.043312.4818	-3.6353	3.052612.604	-3.4378	2.802512.1283	-3.3043	2.739513.1714	-6.0598	3.0128'#573UF
16.1315	-9.6069	2.779415.5069	-9.4663	2.909115.389	-9.4343	2.705214.8059	-8.7526	2.783114.6125	-8.5519	2.778814.0151	-8.0146	2.642312.9475	-6.7709	2.643312.8145	-5.272	2.701715.7508	-9.1664	3.168714.9431	-8.2691	3.290514.4329	-8.1087	3.333414.8853	-7.4222	3.622413.9476	-7.3352	3.968213.6272	-7.4963	3.422213.6442	-6.7166	3.413714.0262	-6.4432	4.13913.9047	-5.7834	3.572113.3846	-6.0627	3.613415.8242	-9.1767	2.887115.7368	-9.0222	2.704415.2133	-7.9588	2.719614.9496	-7.2522	2.741814.2944	-6.2777	3.062414.1526	-6.1165	3.22614.2553	-5.9764	3.052113.9324	-5.3065	3.048913.9983	-5.1127	2.787413.5014	-5.1049	2.762115.0859	-7.7454	3.0418'#1066UF
14.1769	-8.4255	2.772613.5944	-8.2618	2.933113.4724	-8.1921	2.71512.9404	-7.3864	2.814512.7382	-7.1621	2.800212.2385	-6.5497	2.649411.3303	-5.0881	2.589211.3764	-3.5963	2.677113.8545	-7.9408	3.176413.1752	-6.8824	3.342912.596	-6.6459	3.307713.1645	-5.9945	3.688312.191	-5.7539	3.943311.8778	-5.9838	3.35812.0581	-5.2109	3.384712.4381	-4.9248	4.155912.4392	-4.2385	3.537311.9058	-4.391	3.613313.9319	-7.9408	2.870513.8387	-7.7476	2.706313.4608	-6.5942	2.72713.2949	-5.8997	2.746512.7326	-4.7634	3.037112.5966	-4.5982	3.177112.7595	-4.4792	3.038312.5347	-3.7699	3.059212.623	-3.573	2.778312.1147	-3.5125	2.734513.3325	-6.2824	3.0829'#1007UF
14.2756	-8.1799	2.760413.6346	-8.0043	2.895113.576	-7.9742	2.68613.0233	-7.2291	2.803812.7821	-6.9847	2.808412.3107	-6.4931	2.660811.3372	-5.0704	2.633711.5076	-3.6048	2.697713.9532	-7.6847	3.129613.2647	-6.7422	3.26412.6308	-6.5081	3.271113.3426	-5.9488	3.539512.3693	-5.6721	3.936111.977	-5.8625	3.390812.1259	-5.2013	3.402412.6246	-4.7837	4.013112.5355	-4.245	3.489711.9842	-4.5262	3.61714.0241	-7.6969	2.841913.9293	-7.5769	2.699113.4753	-6.4419	2.693113.3118	-5.7683	2.693312.7825	-4.7028	2.96812.6541	-4.5369	3.134212.8022	-4.4128	2.986812.5531	-3.749	2.968312.6119	-3.568	2.752812.1685	-3.483	2.719413.3721	-6.2003	2.9966'#1005UF
14.3915	-8.3956	2.772213.7691	-8.1773	2.897313.679	-8.159	2.676913.1514	-7.3434	2.761312.9277	-7.0879	2.741212.4028	-6.5262	2.586711.4998	-5.1962	2.55511.4394	-3.6767	2.596914.0794	-7.8849	3.119413.3639	-6.8996	3.211812.6677	-6.5655	3.195113.3295	-5.9402	3.493112.3638	-5.7249	3.809212.0518	-5.9413	3.239712.2138	-5.1485	3.30412.5388	-4.8876	3.985512.5113	-4.2929	3.401512.0224	-4.5341	3.497114.1615	-7.894	2.831814.0983	-7.7498	2.6713.6051	-6.5296	2.671913.3964	-5.8459	2.677812.8321	-4.7733	2.954912.7074	-4.6335	3.115412.8447	-4.5099	2.956512.556	-3.7989	2.916812.6307	-3.5734	2.702612.1635	-3.5271	2.651913.4558	-6.2476	2.9595'#1008UF
14.246	-8.449	2.783713.6188	-8.2752	2.901613.5282	-8.2302	2.696412.8586	-7.3333	2.780612.7281	-7.2105	2.766512.2047	-6.5653	2.607211.425	-5.1667	2.57111.4873	-3.6291	2.668113.9093	-7.9502	3.154613.1716	-6.9369	3.242212.5708	-6.6233	3.262913.2447	-6.1106	3.567112.2829	-5.8164	3.909711.9447	-5.9085	3.305212.0768	-5.2451	3.326512.5521	-4.9345	4.055612.5429	-4.3365	3.478412.0093	-4.5588	3.573913.9971	-7.9424	2.841913.9526	-7.7842	2.692713.486	-6.6871	2.67813.3118	-5.9555	2.689812.8191	-4.7997	2.987912.6996	-4.6621	3.131412.8425	-4.5476	3.001412.6068	-3.8655	2.991812.7001	-3.6764	2.747312.2534	-3.5412	2.740513.3383	-6.3199	3.0362'#1061UF
14.2145	-8.5316	2.782213.556	-8.3477	2.905113.4647	-8.3039	2.69812.8774	-7.3914	2.775612.656	-7.1218	2.770712.1331	-6.4358	2.604111.2819	-4.8694	2.593611.4197	-3.2744	2.668813.8286	-7.9765	3.182313.1465	-6.9645	3.297512.4743	-6.5825	3.303913.1836	-5.9803	3.670612.1897	-5.7238	3.962711.7977	-5.8539	3.376711.921	-5.0075	3.385812.4733	-4.795	4.107312.4214	-4.1373	3.529411.8449	-4.3526	3.593413.9207	-8.0112	2.864813.8963	-7.9215	2.710113.4289	-6.6203	2.719113.226	-5.7998	2.73912.7251	-4.682	3.030412.5914	-4.498	3.174512.7263	-4.4122	3.042412.5423	-3.6237	3.046812.6769	-3.4605	2.779312.1719	-3.3077	2.760713.3116	-6.3038	3.0529